90 90
90 90
2047	2552	3972	3922	1569	2584	437	2193	3636	260	2285	3731	2267	237	2432	857	1001	1054	2795	3357	2176	2260	3297	2311	3829	1179	453	2719	529	1266	2268	399	539	1861	1546	3263	3562	3331	1399	2649	994	1211	2707	1262	894	3616	1415	623	1212	2409	1403	929	1669	1073	3786	2150	1085	617	405	1410	3305	2047	1441	3511	3396	2859	3104	1435	2556	3320	3071	2619	862	2366	148	1011	632	1638	367	3326	3132	914	1043	3157	3649	2341	2702	5	2414	1624
357	3549	1852	2041	3567	3576	3463	1598	1049	3473	1687	554	1151	1192	1853	1524	1640	1603	810	1396	2191	3860	919	1433	1986	367	2877	3207	1263	241	318	1364	3542	666	2337	2228	1265	915	2753	1329	3309	440	1748	2513	2903	227	2949	147	1623	3781	445	952	2279	1175	3775	2089	2553	897	2914	3034	1901	1208	3702	2611	1078	1768	972	652	655	1792	2609	3847	3572	2498	1889	3843	3870	596	1518	2844	3487	866	3482	3941	3299	148	197	2495	2051	3135
3304	594	3246	2641	1357	654	944	3054	1091	793	3146	2720	2428	3482	1382	3626	1585	2163	2788	2665	2623	3639	3550	2401	1643	1277	2153	3448	897	1631	3589	71	2522	2510	2429	493	2656	3437	2335	2468	3620	146	1762	3955	2516	3792	3809	1428	2589	1802	1230	1606	196	1584	538	3654	1477	2204	1208	3650	1712	2315	1433	28	3599	2388	3727	997	1126	924	2095	613	1015	56	1365	3504	2100	936	3318	779	2167	3476	3119	1491	3926	2367	562	2606	3235	1926
2267	1433	2926	712	1699	3630	876	2982	3354	3802	3643	3090	1264	531	2885	3358	12	1751	259	893	3604	710	858	3658	1611	836	3114	3114	330	2183	1769	1538	729	2854	2538	2477	2073	2884	3566	2576	3510	3362	3309	425	2077	118	3636	1592	2521	1847	3284	1280	2576	675	2974	1296	2116	3407	1287	2322	3729	587	2209	3346	127	802	3483	1210	160	3122	1489	3624	1728	1777	3754	1965	1780	1275	188	3782	2630	3284	1239	3636	2772	1635	1856	848	1632	2090
502	2098	602	2999	1282	3067	1783	3513	427	177	1642	1102	2950	393	2202	1471	471	3248	1751	2189	1919	2737	291	2768	3766	1245	277	1931	1155	3007	994	950	921	3178	657	2956	2388	2246	2821	2977	1802	1783	365	1855	2872	1428	1952	2940	1458	2310	3690	2153	2568	759	1323	493	952	79	299	2044	3705	116	37	1350	2898	1741	843	1549	2361	2000	320	3758	3530	3360	3537	3455	1559	2974	577	2902	1527	3585	1544	1395	2116	1884	1160	3857	1485	2439
512	2068	2177	1152	1094	2831	3310	2187	398	1495	2075	1421	2569	1205	615	80	1950	1874	2294	2589	1087	1922	1284	3148	2272	1985	1458	1797	1227	3388	2414	3301	3649	2204	542	3693	1143	1062	2545	1541	858	1342	3977	3657	2568	1819	566	2044	3025	3316	23	2176	666	17	2649	1181	914	2421	2037	1376	964	1547	2024	2044	102	1322	3085	1530	1888	3495	2254	763	1597	1049	3354	197	2347	3982	1833	3997	2365	1325	2151	850	231	3245	2629	1304	557	253
3599	1094	1115	674	580	3821	44	3309	3094	755	13	1080	2646	3610	992	3658	3810	2212	213	1809	275	3849	541	2388	255	3587	1735	3616	3596	3225	2778	1878	235	3394	964	3889	1909	1086	840	363	1232	1898	2170	3991	3874	3423	885	1953	2036	3823	1637	2362	1351	3836	1216	159	2178	2496	3433	1843	949	3887	996	928	2191	148	1660	686	3999	2175	1248	1663	2310	494	844	3161	2986	3479	112	2842	1355	3272	1175	887	1156	3656	3525	1419	3660	301
903	1279	1433	2133	2883	3360	982	178	659	3663	266	2151	1237	2834	1743	2912	2637	2071	1332	2401	1551	2651	4	1929	2796	2581	3080	3027	3856	1330	1515	3512	176	1824	3425	595	1933	1813	185	1664	2055	3173	2559	114	2997	3511	2978	1369	2919	2611	360	47	215	2188	3558	724	1586	1512	381	792	3832	940	613	2293	2972	173	3063	51	893	3188	3426	3007	734	680	2704	720	190	2010	3931	2754	2361	3107	3731	3708	2226	99	2625	1914	1043	994
3068	3128	713	1532	1449	3402	2595	329	2942	3076	245	1676	2641	2056	1623	76	627	1696	892	270	3005	4000	1811	2672	1349	1214	2770	2315	2627	46	333	2446	770	2141	1210	83	400	486	959	2536	155	278	1857	1275	36	2376	2126	3823	1098	2588	3843	2220	3897	133	3437	2063	3115	209	1037	2872	2458	2764	2948	1889	2438	1747	425	122	859	2888	622	1408	3525	2464	3600	2356	3266	1440	2635	2281	2782	2168	139	1775	1005	2391	3604	204	3467	1065
2131	2405	770	1939	3353	1598	1082	848	3428	2958	1724	3045	1073	1657	799	385	180	483	2178	579	2672	2702	2346	2618	1140	2632	3727	1997	1992	103	2176	1745	3845	2547	2828	2551	3866	1431	3105	2051	2612	742	1775	3735	2505	1698	903	907	960	1400	1204	673	1130	2442	1137	1024	2290	1675	1803	2873	2104	1016	2108	3436	3707	3397	18	2139	208	628	3942	3237	506	1657	681	2669	1683	670	1828	3919	2791	3057	760	973	824	3488	458	2697	2340	1666
1494	25	335	2930	9	267	989	1255	1050	2895	3036	647	1152	1203	1111	981	1832	111	839	623	1144	3610	391	115	1602	716	3718	3392	3832	2874	2230	2746	3940	125	3226	2895	962	3072	1113	2769	1940	114	3712	818	3039	2862	2568	2212	878	3170	1371	1533	58	379	3546	3624	437	2470	2741	269	655	3035	3462	318	3456	3644	698	3601	1672	3263	3500	540	113	105	51	817	2207	326	2931	1275	598	2642	2995	3465	1792	3984	3792	452	1104	1139
3495	1955	1013	381	56	2125	846	1855	2212	1853	1865	3201	1024	685	1230	17	2832	3677	2641	2857	1051	278	1247	3035	2580	1330	163	78	511	1336	2559	3947	286	88	98	927	2573	997	408	590	3038	1147	3972	1243	628	625	1030	1039	3726	534	981	3068	1736	2842	494	1457	1468	507	2925	2864	246	1867	1149	1728	2741	1165	1721	2559	828	1922	3854	219	2611	1492	404	3824	1023	2649	3070	2918	414	3412	1384	2954	124	3155	235	1398	3982	2497
1784	1816	1231	850	2462	1606	1304	3395	59	2525	3944	1963	3020	1063	3134	2751	2694	3411	1990	524	3339	260	259	2345	2649	3033	10	994	214	505	775	3584	11	770	3402	3264	1361	889	3186	819	977	3652	156	2091	3504	2278	1701	1779	3576	2923	50	2884	2632	799	1617	1066	3976	3785	2546	1038	3518	1753	439	3075	642	892	3417	838	979	725	563	1090	3124	1869	2614	649	692	274	1445	3594	2934	787	1929	126	3904	3469	1966	901	1721	2347
505	1089	1339	2175	2529	1471	2989	2459	1290	2684	36	2906	2471	678	2364	2582	3597	3759	2402	3145	1544	3459	2814	1680	2485	2819	610	1541	1544	3265	1295	1192	1702	1083	3461	251	3519	3421	1784	1041	3927	2389	2936	1654	3696	3928	3342	2776	1811	79	3592	2686	2142	3069	308	3858	861	3226	2169	2350	1782	295	1592	265	2247	974	2926	148	425	830	2303	3662	978	3576	1493	1232	820	1925	1738	2096	3144	913	2291	1380	313	3355	437	484	2233	1022
2350	3118	660	3903	3840	2390	551	48	2328	531	1497	2620	1282	2812	480	38	1979	732	3630	3778	3105	3170	378	211	3898	1014	2686	2444	2851	2249	2946	1950	1868	2673	3591	3395	3998	2728	820	3976	2468	3535	1876	1121	1316	2790	2789	2897	2835	1595	560	3293	2222	3047	2601	1362	3012	572	2656	1832	737	3185	841	3792	1700	850	2451	1391	1245	1409	2685	1688	3551	1574	1031	1441	2092	1623	2225	2005	3036	2927	271	1410	3865	3854	2888	3220	1232	950
283	1631	3187	109	3971	1604	3120	142	2655	2992	2989	1492	3915	958	3904	601	293	28	1256	70	938	3586	1102	3850	3718	175	2873	2437	597	2607	2011	1049	1128	3354	2921	2470	521	55	2706	1549	623	1689	3467	1539	3078	2315	3275	3739	3	789	2006	861	3876	542	3051	1552	514	2085	3615	2512	10	888	2060	2795	144	383	626	863	2008	2331	3247	3371	2622	1827	1958	1459	1501	1410	2678	3726	1108	578	3193	1231	3206	270	2973	3642	3549	3905
3460	3030	377	2490	3244	2980	181	2508	1624	1355	2326	2902	2741	2088	3304	2622	645	1209	405	3983	1622	2128	3117	898	3303	2063	2444	2292	3474	1818	283	2946	2697	3926	2794	2771	1792	1747	3323	2972	1599	2985	1927	117	3962	637	1173	3840	1588	2343	2167	3019	876	1453	523	1967	409	2123	2850	1682	166	2485	742	1539	656	165	1455	2961	1628	2165	1350	3038	3477	2314	2346	334	2154	3671	1016	2697	2968	2354	3589	448	1071	1936	1070	3485	2996	3468
3840	536	3380	2219	901	858	1248	2658	3315	1281	2690	2090	3468	2848	3593	1714	2505	37	887	831	3149	3753	1048	681	2365	1436	3241	3938	3175	1718	3574	3811	1994	3945	283	1707	2904	848	1430	483	266	1349	1988	3666	2241	1107	660	2208	2139	704	295	1280	1663	3496	2977	1109	3333	2067	1843	3117	3975	2570	762	2667	142	2560	68	3474	2223	607	3958	641	3751	2072	289	3548	1863	3496	988	3704	3029	2131	3470	2850	863	2998	2732	281	1746	1023
2829	2740	3122	305	1125	3480	1429	875	1753	1917	1358	522	1326	3094	962	3371	1408	2949	354	3702	3885	1750	677	911	2450	147	502	3311	898	3849	3811	2518	2445	1392	72	3388	1558	2818	1390	306	446	1851	2146	3533	2804	207	232	741	2262	2242	3152	2377	3466	299	3382	1709	3920	2872	1900	363	2587	1246	649	3742	1632	2349	3388	722	581	3405	2240	3680	20	3454	1326	1622	1980	1355	2308	1926	2842	1864	582	2804	1989	732	1711	1747	679	2593
3929	668	3478	850	1502	2111	2196	3700	2585	2500	3368	3809	2452	868	2589	1739	2639	1524	2474	10	2759	1901	1562	697	1432	2600	2579	2630	1773	542	3510	2837	1907	457	1297	2956	1564	1590	3305	2985	769	538	1174	2808	2130	2832	1435	1550	2467	385	2197	3840	863	1501	2997	10	400	1717	2479	3293	2307	3318	3987	3287	2713	1732	568	2412	3624	2828	1717	1293	840	1503	2644	363	3245	353	1363	2333	2507	2503	3524	2779	1448	2947	3507	2530	3229	2168
3386	3960	3857	1311	3664	1024	296	1071	2565	1409	3258	52	435	3552	3218	216	652	2196	3469	2189	1347	2001	2974	1053	3130	246	644	328	430	2719	3833	3043	532	3541	2295	944	2074	3288	416	1135	3725	3836	3140	2058	1181	3132	2727	403	3153	1211	2441	1378	2595	395	445	2160	3385	1690	240	3240	371	3354	1545	361	420	475	2269	3948	3377	972	1407	1652	102	882	1845	823	260	2974	1680	278	1156	3766	3555	1361	448	3228	2017	3684	3936	265
2081	526	2026	914	2647	2226	1216	2661	2997	3749	713	3007	1526	3478	1224	3178	607	3925	1113	1504	3190	1369	1903	1713	1818	1845	2152	1259	745	119	1167	2547	1108	1074	1305	3570	2365	258	255	226	1371	3566	2959	2846	2627	1664	3316	2620	685	628	1768	510	2788	750	3356	571	1248	3556	3521	2910	3111	1974	2064	3446	232	306	1373	1871	1048	1466	2838	1341	1448	2881	940	959	3296	2184	1835	2306	2617	3984	2796	2905	1307	864	3781	1619	3466	3567
939	1474	2670	2936	2996	264	284	1506	2601	3214	394	3052	649	1655	1657	748	1854	1908	2392	724	2635	3577	2949	1998	1601	2524	935	3596	104	3516	2808	1821	1356	253	3476	2919	3717	1915	3041	2011	2391	922	1252	59	480	204	33	2846	887	3524	2744	3560	406	384	2317	278	2967	1632	3357	3637	1802	904	981	2015	1165	1612	1658	1544	3013	2558	2588	3716	171	3955	1938	1399	608	3153	545	2109	1653	1098	3331	92	26	2524	2042	2369	3629	157
379	1500	1511	1537	2850	17	3183	3905	3391	2334	867	1619	3718	306	1493	3934	2251	2454	3488	2237	224	3038	2824	2437	2754	1741	267	2524	1638	64	2870	1910	1726	925	3921	3430	2102	327	281	2436	1800	2310	3478	3456	178	503	23	2147	3577	2029	3890	882	220	2726	572	958	1312	3310	3420	3171	3390	3052	3790	1697	605	1466	3986	1408	3622	148	1015	3743	2296	3378	1531	357	521	3886	3235	3108	2042	1066	2851	1192	1319	2868	3216	2802	1260	1942
3858	408	572	148	259	260	178	2421	396	2705	1370	206	1567	1039	529	841	2914	292	3192	1213	610	1334	148	240	84	1733	3098	1417	2171	2724	3102	3990	907	2761	3892	3347	497	1895	1035	1690	2801	3964	772	3168	3939	2155	2528	2558	674	416	3979	3710	2339	3947	156	1996	2564	3965	1604	1965	2465	112	3119	504	3352	2597	2956	3907	325	782	415	2147	2203	3190	2249	2864	3219	77	30	1918	2108	2687	3254	1288	1498	822	3571	1506	1247	3433
117	1747	3598	2090	664	3091	3386	3053	3056	1126	3427	1322	2888	459	3398	288	3368	837	1910	3587	3749	3886	2959	2786	372	1827	575	2526	3800	433	1510	3807	2890	647	2023	1004	1102	2737	3125	3804	2879	2187	1078	3052	1840	1897	3063	656	3490	3658	2995	1423	3771	916	3577	2809	338	3665	1962	2089	3369	2863	481	12	533	3111	3328	2562	118	2619	2477	3518	795	2382	1368	1587	660	433	1636	3754	1089	1723	3288	1431	1794	3918	2237	3145	852	2665
80	289	1532	3251	3437	2744	3690	798	855	2708	596	3409	2751	214	2570	1946	3025	1183	707	2166	649	15	3150	2585	315	1185	3000	3011	536	1491	1871	2619	2256	3147	3010	3462	2035	577	880	455	489	1835	2435	3729	537	1633	2904	1334	1217	943	549	2212	153	158	3187	100	3341	3589	1185	2943	2562	533	3915	3042	3720	1093	1229	931	1579	234	1070	1378	1990	974	1616	3805	3021	2008	301	2621	2475	2596	3810	2943	2530	3199	2960	3120	2256	3144
326	1309	1296	3718	2445	2800	1254	3953	295	3243	497	1740	2662	3621	2053	373	3558	3320	1237	639	3461	1759	2358	531	1762	2349	2362	3876	3996	3176	3199	1769	934	3994	2671	2843	2659	2462	3844	2664	3771	3157	261	1472	585	253	511	2190	410	1226	3379	2978	3417	2571	3831	2798	1923	2654	2954	206	76	3931	594	1674	889	206	3487	8	296	2648	2978	3872	2813	1100	3286	1347	461	2535	2482	2900	1036	2435	2636	1211	826	1911	3657	2917	2369	1340
3706	2170	536	1354	2482	800	246	3979	1308	3388	526	151	1678	2040	536	293	234	3404	3037	3562	2952	2672	448	2536	2377	18	1479	685	3609	2498	985	3131	337	966	1064	3507	147	3196	87	2139	1586	922	1385	963	2864	958	3062	2124	727	592	2860	2396	2128	217	3656	2634	445	2128	887	1772	3671	2246	2240	3548	2650	1767	3096	1817	3519	1548	665	2980	1577	3594	216	3149	1992	3743	3461	1907	2007	1596	2706	1723	672	371	3528	2219	993	2943
677	270	3806	2998	528	1835	1384	381	2662	2822	3752	60	1138	1260	761	365	3622	3658	3107	2461	2413	3424	26	626	1925	926	401	803	911	449	61	2182	1689	866	589	1708	1482	2534	2904	3815	260	1051	2373	2856	2391	571	1779	2472	528	158	1084	3221	1990	1737	378	2551	2417	1425	227	1709	2209	3615	674	3386	2983	902	47	3629	3093	640	3072	2232	552	3456	2334	3244	820	1219	2682	3122	468	2247	1330	850	32	1636	934	3319	3233	3109
1164	205	599	2755	3648	1737	1501	1852	3122	1040	147	2218	736	1061	13	2112	3765	3126	3560	950	510	2746	755	765	2497	3157	3700	3853	2426	3231	2380	1445	2600	2062	3100	792	2233	2187	413	3238	2778	1188	3883	2452	3573	2331	1202	2688	1807	932	3851	1797	445	1572	2326	2329	2015	924	1742	2600	1302	1755	2043	49	1814	748	1327	2566	33	2737	3082	1990	2795	1010	83	444	2751	712	2332	2609	1265	3159	1841	1192	3967	79	2004	1579	3230	2117
3551	2962	3822	815	3115	1157	1975	3295	3173	457	2302	2876	2733	3478	823	1081	2235	85	1309	3784	3892	3210	680	1534	1364	2559	2931	3908	2548	3221	2803	1316	2675	393	1710	3033	3554	1764	1842	3445	3524	3314	2104	1700	1892	2598	3286	347	2445	3640	2917	2427	3297	3243	2777	2924	3607	1630	917	2305	982	3800	3413	2667	3300	2543	1457	2047	1399	1626	1291	3746	1135	1813	2431	3960	1341	156	1455	1681	2543	2281	2550	350	287	2610	1229	3683	3786	2102
2426	2398	942	3525	937	3888	1939	2079	664	917	1049	2565	1879	3182	2206	2877	2027	3408	2040	58	1687	1697	2782	2984	2232	3516	3223	1088	606	3839	2954	1535	3842	1116	2803	1546	1676	719	3254	2017	3022	762	91	3446	3905	3156	1638	592	1048	1567	2804	1642	3794	3390	2793	3069	3530	1102	2465	1058	239	561	3742	3519	1543	1731	2071	2529	3225	2570	3595	3186	2232	3324	3724	248	3736	1648	3624	3837	1595	2862	1061	2006	1257	2654	2868	3752	3849	3709
3675	1428	166	1470	1621	1312	1124	3611	3985	1098	3801	3697	2725	3229	2202	2030	1422	1550	1091	1747	2238	597	2074	3790	1520	503	17	2253	30	3542	3769	2670	1290	1293	2084	180	2280	2940	3836	263	3551	359	771	755	30	611	536	246	2695	268	2275	783	1261	991	957	3143	2142	3884	1912	2830	572	2135	1477	2911	160	2316	2590	508	1524	2078	1998	666	725	350	271	837	882	2567	809	506	1621	3119	2122	3543	2688	1609	2821	2181	240	1912
1108	1358	1429	1736	1998	2067	3630	3824	2833	3814	2950	3376	1709	1853	2932	2676	2140	1813	505	2067	1060	3197	2891	2132	1229	1005	2367	3818	787	1681	2066	1368	1983	3997	1715	279	2248	1724	1676	3730	2852	1242	3249	1718	2524	1565	695	2218	842	1429	3730	3353	1143	3953	3638	448	1301	545	2904	3814	3999	1435	124	3173	3674	2291	3329	2340	2260	3525	2086	517	3864	1036	1956	3659	341	1818	1348	327	1287	3435	3597	215	1704	1253	1525	3875	3175	890
3970	852	1101	1614	1637	3470	3580	1903	3580	2125	842	1964	3050	2865	3080	815	3206	1342	2574	817	2725	1533	327	2425	3124	1087	2155	3786	1599	1653	941	500	2345	3074	3473	272	1897	450	1088	3889	2440	2442	3652	344	3807	556	3198	1561	1248	305	1775	2174	200	2550	1916	289	567	2803	3336	1425	3209	2543	608	3552	1621	3058	2260	762	2942	2093	1310	109	2951	2278	1338	2112	432	929	2334	885	994	817	3928	3114	2223	3786	2942	1711	2875	2272
1503	3686	3368	1847	3937	546	887	3317	738	1267	3555	649	1690	482	2989	3580	3233	2278	1605	273	314	85	781	984	2563	3885	2392	2649	3888	576	1827	1916	3238	2711	1680	1243	406	318	129	3853	1780	152	1266	2680	3251	324	2440	676	614	3581	3257	2530	3223	1205	1490	2239	3307	2401	3936	1001	3800	1364	3767	2064	822	3772	3208	3160	613	812	183	3742	3340	3510	2601	3148	39	549	1324	1058	3657	2665	1220	87	80	2425	2397	3802	2388	1973
2582	1361	3127	2188	768	3615	2952	3579	1228	1427	397	746	1608	3755	3002	195	3102	1808	1368	95	2735	1560	1629	1870	366	1293	3418	3484	1486	2665	1531	3603	3177	1580	1006	3473	1594	77	2104	457	371	1035	2860	3144	54	2606	3354	2405	3098	2484	1600	2481	3315	370	603	3456	1925	3973	3732	2618	3279	2686	589	3297	3789	1556	3072	2136	304	849	1561	1525	811	858	3248	2438	34	2097	1152	1390	2242	1945	3496	1404	3013	2968	739	1301	3333	1554
2274	830	310	1946	870	3383	1027	2341	2241	3331	1778	31	1287	2606	694	951	1720	1603	3037	1788	256	41	3178	131	1336	2181	958	2365	2568	3846	3063	932	1631	1930	331	2979	3773	3594	941	3601	9	1378	3702	2252	905	132	471	1774	1974	1138	1089	3741	1566	3901	92	3618	1533	3259	2442	2157	2138	3265	380	2628	191	1235	2689	327	3775	1987	540	1650	330	2209	3068	2518	2294	1104	1509	1676	539	97	1333	1897	3867	477	708	1035	2560	3542
734	670	1908	3300	3939	636	3021	2941	2601	1974	2711	3633	2428	2476	723	970	38	3356	1643	324	968	2893	2982	2309	3336	2448	3367	1724	602	764	563	3238	2518	3561	3042	2823	151	2293	3957	2977	3492	1739	1894	2126	2864	1535	819	396	311	2878	3281	7	2118	1861	2474	1056	1678	3573	2193	3534	358	1189	973	859	2626	1209	3243	3353	2935	1392	1362	766	1553	406	1793	1693	3214	2040	1335	3793	2602	2236	962	1525	2744	1616	374	1694	3350	819
1819	1182	2664	3743	1184	3843	1993	3096	2011	419	1750	339	1677	985	2946	3767	1916	1383	958	963	259	1913	2143	3413	522	1289	2844	1400	514	1035	511	3017	2055	2367	1313	707	3096	2485	3427	1048	245	253	563	262	3401	2248	3356	2816	3532	3631	122	2543	3724	3963	2824	1258	3943	2208	1367	2460	680	704	687	2448	3445	1784	2697	1000	2063	2716	1000	122	1855	1992	1221	2378	181	2924	2590	2359	2260	3588	3606	1967	432	1230	3088	923	698	232
161	756	939	2420	1611	603	1284	1247	246	832	1478	3569	1886	1244	1753	324	3081	2626	1003	2318	2459	2436	3840	193	22	291	669	2158	1086	223	3673	2267	411	3542	18	250	1584	3968	2966	3314	324	950	1589	3131	1673	3652	2339	3290	214	2011	3053	3869	810	180	3799	2574	1028	2091	2649	3575	2834	634	24	67	380	3496	3183	3453	2187	3406	2005	3753	3661	1150	3140	3892	3012	2955	698	3230	1353	2254	1852	100	1851	3766	3217	3425	2987	185
3375	1962	209	2183	1261	2318	3569	841	3107	232	313	17	796	3534	955	2417	1293	3726	3315	3872	2045	2290	747	1316	1691	3333	2315	95	68	1275	2660	2114	416	3719	733	1570	742	1850	1798	269	2669	2673	767	2718	484	3961	2882	1191	1969	2388	2999	2620	799	1165	968	3691	2095	2891	2860	2072	3721	3447	2049	3785	3227	1392	2123	2173	1468	836	155	628	897	3552	1579	3873	1167	1513	3773	543	1689	2865	2254	1345	1128	907	2887	161	3384	1480
3525	1681	510	279	1815	803	3431	483	3785	3846	2070	1530	1768	3240	1733	1487	1173	833	1349	939	3359	1793	3038	529	867	1536	722	662	1170	799	2701	3376	1232	1402	436	1935	3019	394	2113	131	9	2677	3550	3403	1188	3112	2063	1526	3986	2286	1212	2285	2085	3005	3029	2492	3050	2219	3181	1440	2467	144	1704	1440	1127	3235	781	3329	926	3345	2099	640	1356	669	1923	1016	1644	145	2749	645	78	3047	417	3117	157	1176	338	953	3633	511
2948	2840	2756	2258	223	2875	121	933	976	3258	3947	1809	1827	1162	2783	318	1964	1939	698	216	3547	3100	327	3753	2916	1167	1368	2674	114	2847	1824	2341	1466	3716	3714	3331	811	3714	3586	2532	92	1617	1648	3144	2920	844	3161	3861	1032	3235	1623	2740	1261	3132	1341	3979	2744	3361	3274	1391	1613	3113	2351	3896	2479	2058	2220	3562	994	870	2671	1556	3190	1788	2683	2425	1125	2669	912	2942	9	2712	1084	157	3991	1473	209	617	1401	3768
241	1544	1671	394	2377	56	381	2603	3514	664	3478	1628	1023	799	1195	651	708	2302	1848	1841	2965	1448	408	2875	1575	2719	3255	625	180	2151	917	1026	1457	1232	3422	1016	2060	3310	128	1277	21	2233	2146	1924	2765	3990	2200	2883	576	2158	1697	2884	3050	2914	734	1425	551	3055	220	1191	3477	476	241	3105	956	1797	1009	3481	3584	2319	1700	1478	10	2353	2728	695	2432	201	2805	291	19	634	2621	1604	620	2650	1027	2817	594	3770
530	1772	1711	309	2936	3182	3267	1905	2265	646	1385	3898	1333	160	2088	96	2084	2877	3436	1835	786	1977	2171	68	2326	3766	2419	881	1102	2295	801	861	121	3392	3084	3176	700	582	596	871	3455	2548	1330	1146	944	2169	2485	3388	2169	1838	2154	3217	135	353	2437	510	1638	3948	3296	2503	3718	1623	1260	914	2527	3496	1913	70	2451	414	1721	2616	1049	3638	1655	590	1984	3482	3558	1439	1856	403	3973	1657	1451	371	488	3672	3012	2660
3510	2741	2553	1649	2996	2419	468	1384	2489	1704	2564	1178	2868	3322	3937	1015	3746	2329	649	2945	584	3693	1630	3374	1990	3922	1385	1462	2929	2314	3301	700	3766	1075	1209	1594	2800	1784	1303	228	302	1540	3269	3632	3320	1224	1763	576	1031	3546	1985	55	3478	987	31	1522	1505	3191	296	638	1379	3618	1247	3203	778	1285	3870	3159	3866	2785	3418	197	3065	2272	2704	3566	1008	3897	1516	1794	3050	3145	2280	2304	2651	655	3186	3537	3807	2370
977	411	1445	1004	1931	1793	1711	2926	707	2710	174	1174	1914	3863	3782	3525	904	195	695	3040	2960	1858	3745	3557	1592	3600	3177	3400	1121	67	3188	2183	2474	3085	3881	3992	2740	2382	3964	803	412	3746	2386	1392	2681	2242	3236	3295	2504	2483	1924	979	456	2581	1549	1434	2593	2880	1620	2875	2447	3913	1273	2748	994	3007	3529	1691	1988	1384	2786	1632	3411	509	1470	1698	3280	2512	3469	3670	552	1387	2066	2787	3753	798	2163	2443	2465	1631
748	3425	1079	3196	3405	1244	479	3624	2765	2572	52	1325	1826	1812	3925	2165	80	3463	1568	2648	2960	2093	578	32	1592	3849	3311	425	386	1614	1619	2238	40	3740	2829	1235	1930	490	2491	3625	3517	1505	3098	577	3509	2341	104	1192	1363	3313	1868	713	2176	439	1687	2562	3226	2881	2736	1642	3310	3250	3643	1191	1496	644	3550	91	1042	746	3965	2813	2312	2448	1353	3248	2673	1227	1149	465	3465	1711	2618	390	2024	1594	2061	801	2434	805
307	2793	2661	3976	895	1029	2330	2022	1741	2267	2345	937	2706	2440	3559	1190	1418	1916	460	939	121	2690	1946	1729	1137	1544	428	686	3631	460	2865	3828	2703	2073	243	737	1278	3321	426	880	1557	3535	936	2007	2989	2284	3640	1291	1139	2367	3711	1419	1418	1217	518	604	2281	196	1291	699	659	3654	144	2162	2635	3378	1736	3092	2673	844	677	1925	3129	231	987	2820	43	1889	2512	270	2053	2874	3154	247	2272	1259	750	3155	2563	3631
3319	2055	3797	3840	1176	3637	2267	1531	3213	1475	2390	2003	1916	2371	2763	2207	211	940	2220	2277	2899	121	340	3751	18	3979	1688	246	3897	1991	1792	708	2317	1303	3671	2927	3778	2688	3440	1680	870	3283	1522	1898	2855	1342	1470	2328	307	248	2490	2434	3416	3625	3057	434	253	1439	3476	3270	2453	3623	8	1588	1730	1197	973	2297	1266	1393	2982	775	3040	2427	3343	1985	524	2262	3467	2370	274	2817	2468	3201	2989	247	1157	693	640	446
273	361	3066	190	580	3338	2352	525	342	1663	3475	655	312	488	1163	26	2760	1906	2721	1485	3304	888	906	2656	2186	1873	3144	522	2764	2496	791	3597	1772	3790	1512	3329	3737	1057	1502	1159	1423	3808	1175	1780	48	239	3041	3115	1800	3077	1763	958	578	1041	2427	3829	1835	851	1229	2740	3083	1406	1680	3032	3259	1431	3486	2424	2275	1568	2746	1726	161	3314	3679	1989	3116	237	2176	859	2572	2299	3296	1242	1426	1055	3441	3165	1611	3149
1274	1164	362	1852	2008	1620	1285	2866	1154	1190	259	3697	268	3281	1674	180	1331	3242	544	591	3004	3111	3981	1486	1755	283	3701	3810	3058	1852	699	3503	304	2652	3840	1027	1343	1623	415	2747	901	1187	1804	1123	2406	1982	1402	2520	2855	2477	1245	2614	2890	2926	1415	528	2925	2442	1820	2030	2366	3400	2238	405	219	3017	3230	2528	1834	3606	63	934	2540	1871	1029	3026	3841	1723	1522	1356	1125	3998	1511	1516	1340	3957	3690	1644	3173	1437
735	2054	1620	3692	2524	1743	1148	823	2738	3641	1213	2002	704	2206	3391	1804	425	1437	2976	2126	747	705	330	1932	3158	1435	1257	2920	3417	1621	761	918	1269	2126	2492	1926	2632	1508	1286	2762	3246	1233	1210	1488	583	1391	1729	1899	3632	1046	3532	1472	1342	1988	991	3094	2042	1468	98	417	147	3462	2976	184	2110	3059	2898	1299	3368	3533	2775	3859	668	2868	940	1961	3925	2911	1081	2833	3264	2162	75	3230	3676	2307	3754	2291	1988	2974
105	180	3823	337	919	176	2972	3111	2958	2248	1565	2510	3536	3992	3631	3362	3141	3273	2633	3787	2172	2751	3610	2353	1844	3760	2650	59	2012	1839	841	1168	2034	3418	3411	183	310	2144	1438	2624	194	3189	1953	3159	1054	2449	2869	1848	1720	1082	142	1564	831	3938	3850	3971	757	521	1757	3149	2907	891	3244	2230	3957	1784	1316	1645	3816	2731	3371	2723	3704	625	1323	76	3824	2318	1519	1964	3208	2417	658	1875	3453	901	710	2529	2727	3435
3013	3370	1332	1413	3765	551	1543	1333	801	2094	2556	3887	4000	143	2843	2343	3690	2787	2416	795	3412	2895	1058	2551	1721	1137	2707	1210	1263	1504	548	1279	3881	702	945	223	797	268	1658	2173	99	1368	1096	775	2057	675	3152	309	1674	2146	408	3882	3125	2658	3444	3353	2285	2843	212	165	1392	1080	3604	3708	213	907	2560	1932	3644	2382	2544	1399	1014	786	2724	432	2917	2645	980	2347	3402	1221	64	1000	990	166	2917	1328	1690	3115
2247	2911	1022	1468	934	1523	1129	291	2197	1032	539	2350	2469	1601	563	2955	261	1402	2971	3473	805	1225	2048	1939	3417	3714	1058	2989	1467	892	2466	3600	2880	3958	2284	1725	1682	3560	2701	2721	1	3175	3325	2198	547	3599	2110	788	3227	2809	843	2764	2147	1405	800	295	3718	3553	3618	2943	3080	328	3065	2239	1423	1082	2927	1632	323	3975	277	877	688	1349	677	3042	1044	2223	2467	2921	2959	1983	2679	43	3532	3425	111	603	2675	3507
3949	1984	3957	3112	3734	769	2529	3983	3907	1549	3167	3649	1157	1627	2532	1437	1479	2963	478	1550	673	3563	2046	1301	1651	40	814	2770	796	2809	3864	500	2613	1976	1699	3948	37	1557	2895	2183	2012	859	910	553	1899	335	1766	535	2167	2581	2551	594	1245	912	3938	598	970	2671	1305	1131	629	3262	2648	3171	2137	2843	237	1320	3342	2446	3507	176	1092	2317	2641	2462	109	2253	3637	538	849	1351	681	1579	717	554	1426	2412	1933	3167
1970	2160	1029	2355	1977	3981	178	3287	3827	2576	1321	2651	943	372	2108	1793	2009	1826	1509	3454	3810	2323	3216	708	336	638	635	3611	3717	2607	2090	3809	2452	628	2025	3272	1365	3923	1692	673	1946	1723	3747	2003	749	1682	775	2382	3242	2735	3498	492	2012	3150	1786	326	3751	2285	2348	127	2791	552	308	1377	679	1673	3533	1803	307	2414	3696	2581	462	1560	3830	1893	498	173	2710	2835	1238	2821	2442	2737	2684	1831	2299	2025	1668	3184
695	619	1557	352	2979	356	317	724	2373	3024	1857	672	673	2367	786	1552	949	2199	1027	2580	2057	3350	1383	2890	598	2420	1757	1280	3678	194	846	735	3717	122	2388	3161	1726	325	849	1542	1716	2805	1503	1929	596	3717	2695	3442	2641	296	1385	855	2899	854	1948	3320	2454	541	2961	341	1524	1052	584	3682	2215	320	2156	783	2886	297	3974	2669	1630	1052	3603	3210	3300	913	408	3389	2264	3	3536	926	2788	3650	3245	91	2667	2213
1886	1596	781	3643	1818	407	1766	3324	3599	850	650	219	614	609	315	2652	1114	12	1036	2482	3659	3151	1970	413	774	570	3792	2055	123	368	405	1167	1371	2875	2769	3432	3111	291	1784	3532	3847	3042	548	1395	1659	769	863	2238	1586	591	1706	2614	2426	1667	475	532	252	1899	1672	1398	1173	2198	1519	3429	2177	2062	3733	2242	2631	2068	1589	2878	3992	3196	1036	3815	3366	3791	600	87	3004	674	2486	148	1425	2147	2455	1052	3706	3331
815	3740	3181	1759	1100	3434	2763	2209	1193	3058	2496	3376	3798	3070	3662	1071	2120	543	3750	2161	2193	1497	3721	3728	2601	185	1497	184	1656	2530	3001	2359	3801	1745	179	2981	1419	1828	2729	1434	539	433	1635	3345	1001	2784	213	1020	648	1478	1804	640	1914	1512	1411	410	2143	3492	3006	3650	2145	3547	249	1965	649	3565	1730	1346	3365	406	853	1424	3388	1101	96	1621	674	3629	1167	896	2203	70	3156	316	174	571	1438	1962	1697	2493
2155	180	1005	2816	2418	973	228	3772	1913	3982	1887	1634	2929	317	902	1944	928	2318	2149	3483	3747	2532	1760	833	2154	2506	2741	3365	2087	1750	2518	1945	2857	3909	2688	3216	1549	2942	3070	2444	271	3973	2995	3780	685	885	3160	3113	503	1122	676	3045	3957	2923	3202	481	1254	487	1326	2268	1873	2534	1196	2904	3212	787	1358	3057	2518	101	1097	1697	754	47	2493	151	3613	280	3006	85	2271	1329	2279	3299	2442	3973	1140	3319	1016	3217
2006	3164	520	576	3854	1513	1343	3838	2821	3660	1059	921	2343	3501	2749	98	1567	741	3174	1191	2921	2070	1975	1294	3386	454	3053	2261	3197	2299	603	712	3301	850	32	614	1426	1859	2534	291	577	1775	2753	2449	1191	2909	1223	1192	171	3259	1217	198	2464	188	585	1081	2387	2207	1389	3700	2969	838	3747	1330	2794	1798	1249	3801	2013	1828	3090	3773	2879	1170	3732	3880	1749	2158	2909	1343	486	2295	201	393	237	1337	590	598	3566	1638
3824	3569	800	2853	1162	3690	3000	705	1747	2123	2416	2351	1188	3799	3574	975	3361	3240	3936	1636	3505	1676	858	1541	75	3006	1411	3067	1653	2912	325	795	2093	2477	213	2242	3293	589	1307	1490	314	154	3684	920	1179	1646	1331	3580	2572	3761	168	177	3185	3604	3815	751	410	3294	3968	2554	538	293	716	2216	3801	1299	603	3411	2642	1177	399	817	2664	1131	3735	3288	3144	3006	3953	310	2219	1069	3420	3695	2977	1071	3013	2993	1774	1681
1203	2519	1961	2645	776	1898	1295	2699	1722	2162	594	2161	3225	3533	1611	1487	2621	164	2552	2003	913	739	3729	2778	1558	2307	3797	2072	1087	1412	2557	3681	1738	2175	3650	3746	2488	859	3571	542	780	1807	1923	1345	1757	825	2397	3431	1127	2588	2340	3052	1146	2100	1885	3552	1900	1639	2201	3431	1137	381	3746	1369	3052	3286	3981	55	2844	554	2758	707	2135	56	2556	2895	3993	1331	352	2828	3783	779	3168	1263	1890	1923	1943	3124	1071	2592
529	2004	1865	3210	3232	2930	1080	430	1020	3699	3673	3293	2060	617	2553	3541	3475	2128	53	1722	2722	1157	839	1315	1496	3724	3888	1929	3803	3195	3076	259	221	165	550	2995	2041	260	3654	1078	2803	2313	738	2672	1990	1072	355	2857	3566	565	34	1710	851	3948	1704	3536	1317	53	1470	1412	2881	3747	1538	2988	2652	634	3613	2259	3899	725	3532	1442	2426	1684	495	3334	1055	581	1505	1667	1362	3550	2762	3404	1205	2306	1175	993	3873	3097
2451	1643	933	14	940	3334	3726	3253	960	2366	2240	643	2012	988	777	105	563	528	523	1639	2454	3986	16	1006	2489	3128	147	1978	3028	2378	3993	536	2128	3485	1287	1608	3834	2514	1869	3811	1676	1129	815	661	382	755	134	3558	2666	191	691	2242	1727	2046	3151	3218	3671	1826	1032	3496	808	561	1536	3559	2097	1839	3914	2727	1271	2671	2955	2806	2144	875	267	3891	149	503	555	3840	2333	1868	367	1412	3886	2672	220	170	3782	2516
1483	3569	1038	3826	332	3707	2400	3409	2064	3766	188	206	1063	1917	3230	704	743	92	2787	3355	2696	3260	1638	1828	3429	2891	3786	857	524	29	2866	466	2036	756	1160	1553	3103	2505	2400	713	1639	760	3831	860	109	2499	511	3579	529	3059	2249	3415	1038	3177	153	1279	1950	3757	3838	3118	690	1245	1043	471	2948	438	2207	3710	792	3058	2578	2195	148	1866	3446	1469	321	433	2685	900	304	1199	128	1802	3030	3530	2231	2078	2161	1992
3322	1500	628	712	38	3425	170	3795	725	802	2300	556	971	3780	3866	3479	743	2296	714	3352	3149	942	2310	3859	1629	3343	1464	2756	3691	208	2683	2352	3581	686	2458	2452	2035	3523	2604	2127	2841	3629	1730	2546	334	2445	1467	3913	2016	628	2231	1181	3072	1955	2133	68	307	801	1485	2733	3068	3904	3548	29	2063	469	3443	997	3905	1080	1353	2016	3827	60	989	2124	3174	2568	919	3289	3747	639	211	1703	1783	1685	3461	1549	3982	3952
2426	2209	1135	1931	866	277	2093	1861	2392	2098	1014	1034	2746	964	3962	3374	17	1061	1079	2375	445	1208	378	3670	1007	47	1894	1020	3941	1393	2479	3773	2041	2321	1323	2035	691	1274	2844	3938	3152	2867	2401	3216	3769	2904	1258	1481	2769	109	3253	1821	2817	349	1182	1431	3749	2456	1295	2941	962	2735	919	3972	12	1578	31	3475	601	1477	146	3941	3182	3756	2669	182	73	1014	886	2526	858	3840	3855	3024	151	3092	2084	592	213	2073
2751	2553	2137	891	2912	3040	3064	2642	521	546	3024	352	2724	3600	1816	640	1020	1106	3691	1387	3059	1872	530	2596	909	1297	109	2853	2940	326	104	1763	520	2411	695	2715	2735	580	2869	41	929	2201	2586	1936	419	2012	3997	3376	2931	1708	2103	2531	3894	3252	671	2630	2324	2951	2107	3580	1188	1218	511	43	2762	2606	2495	3410	1376	663	1775	636	1682	3952	1050	2976	98	436	3951	1441	3103	2995	1059	3144	198	3784	690	178	836	2915
754	827	394	3760	1185	16	1754	1118	3976	1995	2543	2645	2535	1550	2543	3724	3315	1605	1317	3884	3573	3622	3636	2088	405	3397	2862	3812	3915	1888	2054	2267	3193	228	2077	1624	2372	3151	744	2763	3700	140	3969	2975	851	2319	1217	3803	2802	2896	3022	3739	3741	3042	876	632	2935	1861	1260	3856	727	1840	2817	1954	3711	3120	2612	3798	2909	3879	94	2863	3318	1411	1484	68	2035	3291	2194	723	3261	3156	2206	3695	2088	1965	2888	3294	3831	3770
1654	3563	1345	3059	3661	667	437	16	985	3217	1364	2157	3987	3891	3780	1979	1896	3090	3226	218	2296	3749	98	1004	520	1073	3897	3382	739	357	1153	675	313	3685	2405	2668	1188	2118	2834	2145	511	656	2062	59	2925	1371	2626	2470	3365	2439	422	1141	3147	3934	2725	793	836	2145	2639	82	3025	3118	3045	609	14	474	1256	598	1955	994	269	1327	1040	2235	1318	2696	905	3768	2257	2859	1616	3033	1469	1367	466	504	74	1951	451	2788
2772	274	1305	3529	3506	2571	3505	1984	755	2328	2851	1268	1932	379	772	1140	3449	849	2185	47	1186	1358	965	67	1652	748	484	2402	1385	3700	2941	191	292	1319	3105	2318	3118	3714	1792	1283	1904	3072	2729	1666	1464	3046	1623	3895	738	1781	1449	1328	2324	3503	2879	3012	3662	639	1299	3915	3812	286	920	3450	1131	1031	526	2249	567	1861	3504	2157	1101	2756	1981	2072	3261	3459	561	2035	810	3262	3172	917	2334	908	127	231	3243	1261
1326	2240	497	2357	3082	1608	2727	3111	2469	3099	2200	1200	3503	1057	3781	2810	621	402	3149	3543	2114	506	3619	3914	3789	2117	3844	3631	193	3412	848	2291	561	588	2641	548	2787	1878	1912	3574	3243	3295	3153	2068	1198	1091	3839	669	3085	616	3009	108	814	2338	826	751	1822	130	1934	3658	3266	3320	3884	3997	488	3652	274	109	869	593	721	3127	692	2307	3215	90	959	1282	2696	2893	2961	638	3344	3135	3800	1361	728	1955	3395	3452
2979	143	3829	1039	952	2976	2210	138	3352	121	2048	3894	2014	584	473	1027	338	2897	733	1450	3185	2708	371	3021	1074	1903	307	2587	3715	961	3957	2836	2908	2758	1253	3012	3172	2501	1169	1060	1561	3778	3523	3970	850	711	3278	3983	2169	2719	2442	3396	1706	2050	3327	2211	939	302	782	418	1835	1270	3242	3975	2962	1432	3776	2845	690	1457	3397	3271	1869	341	278	2265	1864	3659	3028	2217	1795	3784	1648	3231	3784	473	3596	1111	3858	3843
2030	3272	3128	2834	1832	761	2321	2512	935	1705	64	1627	3119	1850	309	2942	2939	2086	2535	1265	1467	113	2768	974	1337	1841	3929	2593	1213	3529	2380	2658	331	1304	54	2149	3393	1732	1967	3524	1997	3691	2686	517	1123	2631	318	2107	1586	1707	2472	2344	2054	1784	2532	601	3009	593	3532	1000	909	2980	3566	205	104	1852	3703	1566	3426	2470	609	3790	1926	3478	2514	870	1513	3936	1882	2826	3616	1778	1865	894	2367	177	3664	3354	1428	1616
3818	3953	2270	91	1951	3346	958	198	2117	1217	3852	3326	1219	244	3205	769	3286	1058	2241	2424	885	1208	3887	917	2495	529	1269	1180	1742	691	2625	1081	3644	2205	3460	378	1061	3471	46	1178	2667	2825	212	1233	2998	240	88	515	1750	1442	1527	1000	3100	1969	340	1526	2909	1978	3335	3032	3773	2191	3478	1093	1703	762	2692	757	939	3205	2217	3362	1283	2487	1952	980	1204	278	3183	501	1232	1328	554	1488	281	82	1415	22	2565	2591
2536	2297	3553	1980	4	521	1366	1584	134	1733	2556	548	2339	3833	2897	2480	1980	291	1452	190	2155	1681	2313	1577	2125	1003	2915	2460	970	1081	1161	1474	2793	3380	2536	2244	2194	2670	3071	3286	3110	103	3770	3922	2766	3784	3454	1311	1767	1401	1175	2055	350	1258	3461	3720	3532	1304	444	152	1134	982	793	1858	3542	3175	1324	981	1413	3844	3962	1434	3555	1978	3906	1585	2556	2021	1171	1766	3786	799	2880	3245	429	705	2623	1313	1080	1027
3747	798	3610	1660	1690	2993	2740	982	1720	1286	260	2974	3093	1761	1136	2332	3846	3493	3611	2598	158	2763	2534	595	2215	1033	1797	2234	1874	3027	313	3720	3730	1147	3146	2643	1565	146	237	2327	3165	2072	416	3907	2371	2127	1315	355	1918	2476	3822	2994	2870	2990	2755	3954	2188	3774	1860	2935	2450	144	3216	641	2468	2387	3391	3762	2040	412	1570	600	3972	3936	1411	2798	1732	3572	1831	862	1999	359	2149	2226	998	479	1036	1897	734	504
131	504	3576	3	1605	884	3176	224	1339	3386	3886	29	1278	50	292	954	2558	2434	179	3175	1795	218	1087	849	1698	2753	1958	2465	1570	222	1921	3906	2201	1316	325	2191	2012	2537	3830	2268	1501	2173	3927	2582	1941	2937	2397	2505	3290	1055	546	1887	406	2310	1954	1075	3044	742	3411	1982	3702	3969	2650	3023	1545	1646	1400	134	380	1845	194	3583	1522	2223	2852	2454	3890	2504	3862	534	2581	2629	1113	1324	1891	3360	66	2962	2598	2502
3417	2860	684	2695	2859	3206	3119	1287	191	3994	1167	2223	302	525	2680	2218	3779	2053	2366	3886	3010	1444	1739	452	330	3928	2981	1858	2208	1044	2635	2863	840	314	1004	3799	3568	1528	1079	3997	3916	2890	2305	1527	632	3863	2242	2083	139	3163	857	2382	1284	90	3688	1567	3226	734	3633	3651	1464	2334	1066	804	699	2843	3297	1957	3918	1965	2103	2598	3405	393	1752	519	3307	1612	3085	1945	829	598	3004	119	2480	1704	3883	849	426	1382
1885	890	945	241	2486	1534	3758	2041	17	854	769	3454	219	3292	686	810	2866	2122	105	3879	3623	1263	24	3198	3806	1078	268	2121	3115	1389	3746	3252	1613	772	3345	1156	8	1199	2418	3054	1503	3320	2048	1180	652	1408	1408	678	2362	1027	1541	672	831	3863	2062	856	803	310	850	3550	2154	2528	1099	1008	1101	691	3383	1785	470	1121	2058	3535	3601	1979	3545	3174	1537	2239	2414	2073	228	2684	784	930	1690	3888	3578	3815	1217	1106
1552	355	3027	3576	1467	74	1729	2160	1497	437	663	2133	2426	2446	665	2315	639	3406	2936	3163	2894	989	3815	3157	3089	834	432	3027	3805	2521	2320	784	135	539	748	1423	2245	3556	1608	1095	2221	2329	2554	636	2529	2169	3350	2753	3250	110	1481	3986	3342	1722	1595	1211	3550	3216	2184	2814	2295	1908	828	84	915	1091	835	1470	3560	3336	1598	3185	1293	3375	2030	1356	855	1256	2998	3434	3253	3624	3184	2956	2315	3719	3190	1427	1773	786
3511	299	2157	1884	2774	1545	2953	1709	556	2255	1172	2793	1	30	2121	643	456	2768	2939	3711	3789	3191	3890	3654	2446	1121	470	716	3453	2217	3922	2724	1141	1117	2841	2080	3776	2715	1451	3000	3656	3412	3995	463	168	3341	2702	1993	2085	3480	1314	3391	2494	3653	3846	3518	54	3317	2066	937	1717	2622	1065	2329	3722	436	3057	769	3361	2549	3660	3285	3092	3252	3370	1713	1218	2775	2858	1999	1951	3551	1982	1550	2243	3881	1306	1550	3237	2970
3291	1855	2752	1219	1412	3822	3984	1095	1451	1033	2966	547	3884	822	969	770	3695	352	1709	216	2399	3290	1526	3537	3265	117	2049	1154	3385	2520	3486	3178	2131	2916	1390	1342	643	3321	3878	1146	1942	3711	2141	2306	1365	3638	1395	3729	2415	3792	3992	1718	1033	343	2474	62	651	511	3809	3634	415	1421	2668	2380	3172	1444	100	1973	1409	3760	2927	1561	1908	1857	3800	2625	1923	1847	2140	870	1234	145	3850	3483	3215	3897	1983	2920	2895	3428
192	3315	1470	921	1402	2751	362	497	2191	1831	51	1064	3400	1907	3081	555	926	221	2835	3254	2149	3921	2839	527	3850	2242	1715	2040	2355	1411	754	1785	1764	3370	3482	3670	364	2732	3193	316	376	1543	28	3531	548	1994	3095	2867	1865	2832	1563	512	70	2193	493	2501	1548	1752	3269	3618	2676	1086	202	3826	1697	369	514	2476	1217	2085	3017	680	2665	3221	2116	1219	435	748	2520	1305	2982	2540	313	571	912	1729	1620	784	2037	513
2852	1250	865	2466	3626	600	602	3853	738	1422	1743	2976	3360	3474	1812	3146	1708	3293	1774	382	487	502	3641	3056	2003	1591	246	2518	869	1695	2257	2438	2039	2551	1596	841	3671	2560	897	1860	651	3787	1775	1929	1682	2751	1663	3005	2903	1780	3007	3580	2964	727	5	1571	2793	1535	2335	129	2831	749	2084	2200	62	1642	2817	1124	387	2428	2256	70	940	2335	1901	2321	2506	3729	2593	1911	2075	1083	3394	3000	163	794	3887	1543	1070	1474
2047	2552	3972	3922	1569	2584	437	2193	3636	260	2285	3731	2267	237	2432	857	1001	1054	2795	3357	2176	2260	3297	2311	3829	1179	453	2719	529	1266	2268	399	539	1861	1546	3263	3562	3331	1399	2649	994	1211	2707	1262	894	3616	1415	623	1212	2409	1403	929	1669	1073	3786	2150	1085	617	405	1410	3305	2047	1441	3511	3396	2859	3104	1435	2556	3320	3071	2619	862	2366	148	1011	632	1638	367	3326	3132	914	1043	3157	3649	2341	2702	5	2414	1624
357	3549	1852	2041	3567	3576	3463	1598	1049	3473	1687	554	1151	1192	1853	1524	1640	1603	810	1396	2191	3860	919	1433	1986	367	2877	3207	1263	241	318	1364	3542	666	2337	2228	1265	915	2753	1329	3309	440	1748	2513	2903	227	2949	147	1623	3781	445	952	2279	1175	3775	2089	2553	897	2914	3034	1901	1208	3702	2611	1078	1768	972	652	655	1792	2609	3847	3572	2498	1889	3843	3870	596	1518	2844	3487	866	3482	3941	3299	148	197	2495	2051	3135
3304	594	3246	2641	1357	654	944	3054	1091	793	3146	2720	2428	3482	1382	3626	1585	2163	2788	2665	2623	3639	3550	2401	1643	1277	2153	3448	897	1631	3589	71	2522	2510	2429	493	2656	3437	2335	2468	3620	146	1762	3955	2516	3792	3809	1428	2589	1802	1230	1606	196	1584	538	3654	1477	2204	1208	3650	1712	2315	1433	28	3599	2388	3727	997	1126	924	2095	613	1015	56	1365	3504	2100	936	3318	779	2167	3476	3119	1491	3926	2367	562	2606	3235	1926
2267	1433	2926	712	1699	3630	876	2982	3354	3802	3643	3090	1264	531	2885	3358	12	1751	259	893	3604	710	858	3658	1611	836	3114	3114	330	2183	1769	1538	729	2854	2538	2477	2073	2884	3566	2576	3510	3362	3309	425	2077	118	3636	1592	2521	1847	3284	1280	2576	675	2974	1296	2116	3407	1287	2322	3729	587	2209	3346	127	802	3483	1210	160	3122	1489	3624	1728	1777	3754	1965	1780	1275	188	3782	2630	3284	1239	3636	2772	1635	1856	848	1632	2090
502	2098	602	2999	1282	3067	1783	3513	427	177	1642	1102	2950	393	2202	1471	471	3248	1751	2189	1919	2737	291	2768	3766	1245	277	1931	1155	3007	994	950	921	3178	657	2956	2388	2246	2821	2977	1802	1783	365	1855	2872	1428	1952	2940	1458	2310	3690	2153	2568	759	1323	493	952	79	299	2044	3705	116	37	1350	2898	1741	843	1549	2361	2000	320	3758	3530	3360	3537	3455	1559	2974	577	2902	1527	3585	1544	1395	2116	1884	1160	3857	1485	2439
512	2068	2177	1152	1094	2831	3310	2187	398	1495	2075	1421	2569	1205	615	80	1950	1874	2294	2589	1087	1922	1284	3148	2272	1985	1458	1797	1227	3388	2414	3301	3649	2204	542	3693	1143	1062	2545	1541	858	1342	3977	3657	2568	1819	566	2044	3025	3316	23	2176	666	17	2649	1181	914	2421	2037	1376	964	1547	2024	2044	102	1322	3085	1530	1888	3495	2254	763	1597	1049	3354	197	2347	3982	1833	3997	2365	1325	2151	850	231	3245	2629	1304	557	253
3599	1094	1115	674	580	3821	44	3309	3094	755	13	1080	2646	3610	992	3658	3810	2212	213	1809	275	3849	541	2388	255	3587	1735	3616	3596	3225	2778	1878	235	3394	964	3889	1909	1086	840	363	1232	1898	2170	3991	3874	3423	885	1953	2036	3823	1637	2362	1351	3836	1216	159	2178	2496	3433	1843	949	3887	996	928	2191	148	1660	686	3999	2175	1248	1663	2310	494	844	3161	2986	3479	112	2842	1355	3272	1175	887	1156	3656	3525	1419	3660	301
903	1279	1433	2133	2883	3360	982	178	659	3663	266	2151	1237	2834	1743	2912	2637	2071	1332	2401	1551	2651	4	1929	2796	2581	3080	3027	3856	1330	1515	3512	176	1824	3425	595	1933	1813	185	1664	2055	3173	2559	114	2997	3511	2978	1369	2919	2611	360	47	215	2188	3558	724	1586	1512	381	792	3832	940	613	2293	2972	173	3063	51	893	3188	3426	3007	734	680	2704	720	190	2010	3931	2754	2361	3107	3731	3708	2226	99	2625	1914	1043	994
3068	3128	713	1532	1449	3402	2595	329	2942	3076	245	1676	2641	2056	1623	76	627	1696	892	270	3005	4000	1811	2672	1349	1214	2770	2315	2627	46	333	2446	770	2141	1210	83	400	486	959	2536	155	278	1857	1275	36	2376	2126	3823	1098	2588	3843	2220	3897	133	3437	2063	3115	209	1037	2872	2458	2764	2948	1889	2438	1747	425	122	859	2888	622	1408	3525	2464	3600	2356	3266	1440	2635	2281	2782	2168	139	1775	1005	2391	3604	204	3467	1065
2131	2405	770	1939	3353	1598	1082	848	3428	2958	1724	3045	1073	1657	799	385	180	483	2178	579	2672	2702	2346	2618	1140	2632	3727	1997	1992	103	2176	1745	3845	2547	2828	2551	3866	1431	3105	2051	2612	742	1775	3735	2505	1698	903	907	960	1400	1204	673	1130	2442	1137	1024	2290	1675	1803	2873	2104	1016	2108	3436	3707	3397	18	2139	208	628	3942	3237	506	1657	681	2669	1683	670	1828	3919	2791	3057	760	973	824	3488	458	2697	2340	1666
1494	25	335	2930	9	267	989	1255	1050	2895	3036	647	1152	1203	1111	981	1832	111	839	623	1144	3610	391	115	1602	716	3718	3392	3832	2874	2230	2746	3940	125	3226	2895	962	3072	1113	2769	1940	114	3712	818	3039	2862	2568	2212	878	3170	1371	1533	58	379	3546	3624	437	2470	2741	269	655	3035	3462	318	3456	3644	698	3601	1672	3263	3500	540	113	105	51	817	2207	326	2931	1275	598	2642	2995	3465	1792	3984	3792	452	1104	1139
3495	1955	1013	381	56	2125	846	1855	2212	1853	1865	3201	1024	685	1230	17	2832	3677	2641	2857	1051	278	1247	3035	2580	1330	163	78	511	1336	2559	3947	286	88	98	927	2573	997	408	590	3038	1147	3972	1243	628	625	1030	1039	3726	534	981	3068	1736	2842	494	1457	1468	507	2925	2864	246	1867	1149	1728	2741	1165	1721	2559	828	1922	3854	219	2611	1492	404	3824	1023	2649	3070	2918	414	3412	1384	2954	124	3155	235	1398	3982	2497
1784	1816	1231	850	2462	1606	1304	3395	59	2525	3944	1963	3020	1063	3134	2751	2694	3411	1990	524	3339	260	259	2345	2649	3033	10	994	214	505	775	3584	11	770	3402	3264	1361	889	3186	819	977	3652	156	2091	3504	2278	1701	1779	3576	2923	50	2884	2632	799	1617	1066	3976	3785	2546	1038	3518	1753	439	3075	642	892	3417	838	979	725	563	1090	3124	1869	2614	649	692	274	1445	3594	2934	787	1929	126	3904	3469	1966	901	1721	2347
505	1089	1339	2175	2529	1471	2989	2459	1290	2684	36	2906	2471	678	2364	2582	3597	3759	2402	3145	1544	3459	2814	1680	2485	2819	610	1541	1544	3265	1295	1192	1702	1083	3461	251	3519	3421	1784	1041	3927	2389	2936	1654	3696	3928	3342	2776	1811	79	3592	2686	2142	3069	308	3858	861	3226	2169	2350	1782	295	1592	265	2247	974	2926	148	425	830	2303	3662	978	3576	1493	1232	820	1925	1738	2096	3144	913	2291	1380	313	3355	437	484	2233	1022
2350	3118	660	3903	3840	2390	551	48	2328	531	1497	2620	1282	2812	480	38	1979	732	3630	3778	3105	3170	378	211	3898	1014	2686	2444	2851	2249	2946	1950	1868	2673	3591	3395	3998	2728	820	3976	2468	3535	1876	1121	1316	2790	2789	2897	2835	1595	560	3293	2222	3047	2601	1362	3012	572	2656	1832	737	3185	841	3792	1700	850	2451	1391	1245	1409	2685	1688	3551	1574	1031	1441	2092	1623	2225	2005	3036	2927	271	1410	3865	3854	2888	3220	1232	950
283	1631	3187	109	3971	1604	3120	142	2655	2992	2989	1492	3915	958	3904	601	293	28	1256	70	938	3586	1102	3850	3718	175	2873	2437	597	2607	2011	1049	1128	3354	2921	2470	521	55	2706	1549	623	1689	3467	1539	3078	2315	3275	3739	3	789	2006	861	3876	542	3051	1552	514	2085	3615	2512	10	888	2060	2795	144	383	626	863	2008	2331	3247	3371	2622	1827	1958	1459	1501	1410	2678	3726	1108	578	3193	1231	3206	270	2973	3642	3549	3905
3460	3030	377	2490	3244	2980	181	2508	1624	1355	2326	2902	2741	2088	3304	2622	645	1209	405	3983	1622	2128	3117	898	3303	2063	2444	2292	3474	1818	283	2946	2697	3926	2794	2771	1792	1747	3323	2972	1599	2985	1927	117	3962	637	1173	3840	1588	2343	2167	3019	876	1453	523	1967	409	2123	2850	1682	166	2485	742	1539	656	165	1455	2961	1628	2165	1350	3038	3477	2314	2346	334	2154	3671	1016	2697	2968	2354	3589	448	1071	1936	1070	3485	2996	3468
3840	536	3380	2219	901	858	1248	2658	3315	1281	2690	2090	3468	2848	3593	1714	2505	37	887	831	3149	3753	1048	681	2365	1436	3241	3938	3175	1718	3574	3811	1994	3945	283	1707	2904	848	1430	483	266	1349	1988	3666	2241	1107	660	2208	2139	704	295	1280	1663	3496	2977	1109	3333	2067	1843	3117	3975	2570	762	2667	142	2560	68	3474	2223	607	3958	641	3751	2072	289	3548	1863	3496	988	3704	3029	2131	3470	2850	863	2998	2732	281	1746	1023
2829	2740	3122	305	1125	3480	1429	875	1753	1917	1358	522	1326	3094	962	3371	1408	2949	354	3702	3885	1750	677	911	2450	147	502	3311	898	3849	3811	2518	2445	1392	72	3388	1558	2818	1390	306	446	1851	2146	3533	2804	207	232	741	2262	2242	3152	2377	3466	299	3382	1709	3920	2872	1900	363	2587	1246	649	3742	1632	2349	3388	722	581	3405	2240	3680	20	3454	1326	1622	1980	1355	2308	1926	2842	1864	582	2804	1989	732	1711	1747	679	2593
3929	668	3478	850	1502	2111	2196	3700	2585	2500	3368	3809	2452	868	2589	1739	2639	1524	2474	10	2759	1901	1562	697	1432	2600	2579	2630	1773	542	3510	2837	1907	457	1297	2956	1564	1590	3305	2985	769	538	1174	2808	2130	2832	1435	1550	2467	385	2197	3840	863	1501	2997	10	400	1717	2479	3293	2307	3318	3987	3287	2713	1732	568	2412	3624	2828	1717	1293	840	1503	2644	363	3245	353	1363	2333	2507	2503	3524	2779	1448	2947	3507	2530	3229	2168
3386	3960	3857	1311	3664	1024	296	1071	2565	1409	3258	52	435	3552	3218	216	652	2196	3469	2189	1347	2001	2974	1053	3130	246	644	328	430	2719	3833	3043	532	3541	2295	944	2074	3288	416	1135	3725	3836	3140	2058	1181	3132	2727	403	3153	1211	2441	1378	2595	395	445	2160	3385	1690	240	3240	371	3354	1545	361	420	475	2269	3948	3377	972	1407	1652	102	882	1845	823	260	2974	1680	278	1156	3766	3555	1361	448	3228	2017	3684	3936	265
2081	526	2026	914	2647	2226	1216	2661	2997	3749	713	3007	1526	3478	1224	3178	607	3925	1113	1504	3190	1369	1903	1713	1818	1845	2152	1259	745	119	1167	2547	1108	1074	1305	3570	2365	258	255	226	1371	3566	2959	2846	2627	1664	3316	2620	685	628	1768	510	2788	750	3356	571	1248	3556	3521	2910	3111	1974	2064	3446	232	306	1373	1871	1048	1466	2838	1341	1448	2881	940	959	3296	2184	1835	2306	2617	3984	2796	2905	1307	864	3781	1619	3466	3567
939	1474	2670	2936	2996	264	284	1506	2601	3214	394	3052	649	1655	1657	748	1854	1908	2392	724	2635	3577	2949	1998	1601	2524	935	3596	104	3516	2808	1821	1356	253	3476	2919	3717	1915	3041	2011	2391	922	1252	59	480	204	33	2846	887	3524	2744	3560	406	384	2317	278	2967	1632	3357	3637	1802	904	981	2015	1165	1612	1658	1544	3013	2558	2588	3716	171	3955	1938	1399	608	3153	545	2109	1653	1098	3331	92	26	2524	2042	2369	3629	157
379	1500	1511	1537	2850	17	3183	3905	3391	2334	867	1619	3718	306	1493	3934	2251	2454	3488	2237	224	3038	2824	2437	2754	1741	267	2524	1638	64	2870	1910	1726	925	3921	3430	2102	327	281	2436	1800	2310	3478	3456	178	503	23	2147	3577	2029	3890	882	220	2726	572	958	1312	3310	3420	3171	3390	3052	3790	1697	605	1466	3986	1408	3622	148	1015	3743	2296	3378	1531	357	521	3886	3235	3108	2042	1066	2851	1192	1319	2868	3216	2802	1260	1942
3858	408	572	148	259	260	178	2421	396	2705	1370	206	1567	1039	529	841	2914	292	3192	1213	610	1334	148	240	84	1733	3098	1417	2171	2724	3102	3990	907	2761	3892	3347	497	1895	1035	1690	2801	3964	772	3168	3939	2155	2528	2558	674	416	3979	3710	2339	3947	156	1996	2564	3965	1604	1965	2465	112	3119	504	3352	2597	2956	3907	325	782	415	2147	2203	3190	2249	2864	3219	77	30	1918	2108	2687	3254	1288	1498	822	3571	1506	1247	3433
117	1747	3598	2090	664	3091	3386	3053	3056	1126	3427	1322	2888	459	3398	288	3368	837	1910	3587	3749	3886	2959	2786	372	1827	575	2526	3800	433	1510	3807	2890	647	2023	1004	1102	2737	3125	3804	2879	2187	1078	3052	1840	1897	3063	656	3490	3658	2995	1423	3771	916	3577	2809	338	3665	1962	2089	3369	2863	481	12	533	3111	3328	2562	118	2619	2477	3518	795	2382	1368	1587	660	433	1636	3754	1089	1723	3288	1431	1794	3918	2237	3145	852	2665
80	289	1532	3251	3437	2744	3690	798	855	2708	596	3409	2751	214	2570	1946	3025	1183	707	2166	649	15	3150	2585	315	1185	3000	3011	536	1491	1871	2619	2256	3147	3010	3462	2035	577	880	455	489	1835	2435	3729	537	1633	2904	1334	1217	943	549	2212	153	158	3187	100	3341	3589	1185	2943	2562	533	3915	3042	3720	1093	1229	931	1579	234	1070	1378	1990	974	1616	3805	3021	2008	301	2621	2475	2596	3810	2943	2530	3199	2960	3120	2256	3144
326	1309	1296	3718	2445	2800	1254	3953	295	3243	497	1740	2662	3621	2053	373	3558	3320	1237	639	3461	1759	2358	531	1762	2349	2362	3876	3996	3176	3199	1769	934	3994	2671	2843	2659	2462	3844	2664	3771	3157	261	1472	585	253	511	2190	410	1226	3379	2978	3417	2571	3831	2798	1923	2654	2954	206	76	3931	594	1674	889	206	3487	8	296	2648	2978	3872	2813	1100	3286	1347	461	2535	2482	2900	1036	2435	2636	1211	826	1911	3657	2917	2369	1340
3706	2170	536	1354	2482	800	246	3979	1308	3388	526	151	1678	2040	536	293	234	3404	3037	3562	2952	2672	448	2536	2377	18	1479	685	3609	2498	985	3131	337	966	1064	3507	147	3196	87	2139	1586	922	1385	963	2864	958	3062	2124	727	592	2860	2396	2128	217	3656	2634	445	2128	887	1772	3671	2246	2240	3548	2650	1767	3096	1817	3519	1548	665	2980	1577	3594	216	3149	1992	3743	3461	1907	2007	1596	2706	1723	672	371	3528	2219	993	2943
677	270	3806	2998	528	1835	1384	381	2662	2822	3752	60	1138	1260	761	365	3622	3658	3107	2461	2413	3424	26	626	1925	926	401	803	911	449	61	2182	1689	866	589	1708	1482	2534	2904	3815	260	1051	2373	2856	2391	571	1779	2472	528	158	1084	3221	1990	1737	378	2551	2417	1425	227	1709	2209	3615	674	3386	2983	902	47	3629	3093	640	3072	2232	552	3456	2334	3244	820	1219	2682	3122	468	2247	1330	850	32	1636	934	3319	3233	3109
1164	205	599	2755	3648	1737	1501	1852	3122	1040	147	2218	736	1061	13	2112	3765	3126	3560	950	510	2746	755	765	2497	3157	3700	3853	2426	3231	2380	1445	2600	2062	3100	792	2233	2187	413	3238	2778	1188	3883	2452	3573	2331	1202	2688	1807	932	3851	1797	445	1572	2326	2329	2015	924	1742	2600	1302	1755	2043	49	1814	748	1327	2566	33	2737	3082	1990	2795	1010	83	444	2751	712	2332	2609	1265	3159	1841	1192	3967	79	2004	1579	3230	2117
3551	2962	3822	815	3115	1157	1975	3295	3173	457	2302	2876	2733	3478	823	1081	2235	85	1309	3784	3892	3210	680	1534	1364	2559	2931	3908	2548	3221	2803	1316	2675	393	1710	3033	3554	1764	1842	3445	3524	3314	2104	1700	1892	2598	3286	347	2445	3640	2917	2427	3297	3243	2777	2924	3607	1630	917	2305	982	3800	3413	2667	3300	2543	1457	2047	1399	1626	1291	3746	1135	1813	2431	3960	1341	156	1455	1681	2543	2281	2550	350	287	2610	1229	3683	3786	2102
2426	2398	942	3525	937	3888	1939	2079	664	917	1049	2565	1879	3182	2206	2877	2027	3408	2040	58	1687	1697	2782	2984	2232	3516	3223	1088	606	3839	2954	1535	3842	1116	2803	1546	1676	719	3254	2017	3022	762	91	3446	3905	3156	1638	592	1048	1567	2804	1642	3794	3390	2793	3069	3530	1102	2465	1058	239	561	3742	3519	1543	1731	2071	2529	3225	2570	3595	3186	2232	3324	3724	248	3736	1648	3624	3837	1595	2862	1061	2006	1257	2654	2868	3752	3849	3709
3675	1428	166	1470	1621	1312	1124	3611	3985	1098	3801	3697	2725	3229	2202	2030	1422	1550	1091	1747	2238	597	2074	3790	1520	503	17	2253	30	3542	3769	2670	1290	1293	2084	180	2280	2940	3836	263	3551	359	771	755	30	611	536	246	2695	268	2275	783	1261	991	957	3143	2142	3884	1912	2830	572	2135	1477	2911	160	2316	2590	508	1524	2078	1998	666	725	350	271	837	882	2567	809	506	1621	3119	2122	3543	2688	1609	2821	2181	240	1912
1108	1358	1429	1736	1998	2067	3630	3824	2833	3814	2950	3376	1709	1853	2932	2676	2140	1813	505	2067	1060	3197	2891	2132	1229	1005	2367	3818	787	1681	2066	1368	1983	3997	1715	279	2248	1724	1676	3730	2852	1242	3249	1718	2524	1565	695	2218	842	1429	3730	3353	1143	3953	3638	448	1301	545	2904	3814	3999	1435	124	3173	3674	2291	3329	2340	2260	3525	2086	517	3864	1036	1956	3659	341	1818	1348	327	1287	3435	3597	215	1704	1253	1525	3875	3175	890
3970	852	1101	1614	1637	3470	3580	1903	3580	2125	842	1964	3050	2865	3080	815	3206	1342	2574	817	2725	1533	327	2425	3124	1087	2155	3786	1599	1653	941	500	2345	3074	3473	272	1897	450	1088	3889	2440	2442	3652	344	3807	556	3198	1561	1248	305	1775	2174	200	2550	1916	289	567	2803	3336	1425	3209	2543	608	3552	1621	3058	2260	762	2942	2093	1310	109	2951	2278	1338	2112	432	929	2334	885	994	817	3928	3114	2223	3786	2942	1711	2875	2272
1503	3686	3368	1847	3937	546	887	3317	738	1267	3555	649	1690	482	2989	3580	3233	2278	1605	273	314	85	781	984	2563	3885	2392	2649	3888	576	1827	1916	3238	2711	1680	1243	406	318	129	3853	1780	152	1266	2680	3251	324	2440	676	614	3581	3257	2530	3223	1205	1490	2239	3307	2401	3936	1001	3800	1364	3767	2064	822	3772	3208	3160	613	812	183	3742	3340	3510	2601	3148	39	549	1324	1058	3657	2665	1220	87	80	2425	2397	3802	2388	1973
2582	1361	3127	2188	768	3615	2952	3579	1228	1427	397	746	1608	3755	3002	195	3102	1808	1368	95	2735	1560	1629	1870	366	1293	3418	3484	1486	2665	1531	3603	3177	1580	1006	3473	1594	77	2104	457	371	1035	2860	3144	54	2606	3354	2405	3098	2484	1600	2481	3315	370	603	3456	1925	3973	3732	2618	3279	2686	589	3297	3789	1556	3072	2136	304	849	1561	1525	811	858	3248	2438	34	2097	1152	1390	2242	1945	3496	1404	3013	2968	739	1301	3333	1554
2274	830	310	1946	870	3383	1027	2341	2241	3331	1778	31	1287	2606	694	951	1720	1603	3037	1788	256	41	3178	131	1336	2181	958	2365	2568	3846	3063	932	1631	1930	331	2979	3773	3594	941	3601	9	1378	3702	2252	905	132	471	1774	1974	1138	1089	3741	1566	3901	92	3618	1533	3259	2442	2157	2138	3265	380	2628	191	1235	2689	327	3775	1987	540	1650	330	2209	3068	2518	2294	1104	1509	1676	539	97	1333	1897	3867	477	708	1035	2560	3542
734	670	1908	3300	3939	636	3021	2941	2601	1974	2711	3633	2428	2476	723	970	38	3356	1643	324	968	2893	2982	2309	3336	2448	3367	1724	602	764	563	3238	2518	3561	3042	2823	151	2293	3957	2977	3492	1739	1894	2126	2864	1535	819	396	311	2878	3281	7	2118	1861	2474	1056	1678	3573	2193	3534	358	1189	973	859	2626	1209	3243	3353	2935	1392	1362	766	1553	406	1793	1693	3214	2040	1335	3793	2602	2236	962	1525	2744	1616	374	1694	3350	819
1819	1182	2664	3743	1184	3843	1993	3096	2011	419	1750	339	1677	985	2946	3767	1916	1383	958	963	259	1913	2143	3413	522	1289	2844	1400	514	1035	511	3017	2055	2367	1313	707	3096	2485	3427	1048	245	253	563	262	3401	2248	3356	2816	3532	3631	122	2543	3724	3963	2824	1258	3943	2208	1367	2460	680	704	687	2448	3445	1784	2697	1000	2063	2716	1000	122	1855	1992	1221	2378	181	2924	2590	2359	2260	3588	3606	1967	432	1230	3088	923	698	232
161	756	939	2420	1611	603	1284	1247	246	832	1478	3569	1886	1244	1753	324	3081	2626	1003	2318	2459	2436	3840	193	22	291	669	2158	1086	223	3673	2267	411	3542	18	250	1584	3968	2966	3314	324	950	1589	3131	1673	3652	2339	3290	214	2011	3053	3869	810	180	3799	2574	1028	2091	2649	3575	2834	634	24	67	380	3496	3183	3453	2187	3406	2005	3753	3661	1150	3140	3892	3012	2955	698	3230	1353	2254	1852	100	1851	3766	3217	3425	2987	185
3375	1962	209	2183	1261	2318	3569	841	3107	232	313	17	796	3534	955	2417	1293	3726	3315	3872	2045	2290	747	1316	1691	3333	2315	95	68	1275	2660	2114	416	3719	733	1570	742	1850	1798	269	2669	2673	767	2718	484	3961	2882	1191	1969	2388	2999	2620	799	1165	968	3691	2095	2891	2860	2072	3721	3447	2049	3785	3227	1392	2123	2173	1468	836	155	628	897	3552	1579	3873	1167	1513	3773	543	1689	2865	2254	1345	1128	907	2887	161	3384	1480
3525	1681	510	279	1815	803	3431	483	3785	3846	2070	1530	1768	3240	1733	1487	1173	833	1349	939	3359	1793	3038	529	867	1536	722	662	1170	799	2701	3376	1232	1402	436	1935	3019	394	2113	131	9	2677	3550	3403	1188	3112	2063	1526	3986	2286	1212	2285	2085	3005	3029	2492	3050	2219	3181	1440	2467	144	1704	1440	1127	3235	781	3329	926	3345	2099	640	1356	669	1923	1016	1644	145	2749	645	78	3047	417	3117	157	1176	338	953	3633	511
2948	2840	2756	2258	223	2875	121	933	976	3258	3947	1809	1827	1162	2783	318	1964	1939	698	216	3547	3100	327	3753	2916	1167	1368	2674	114	2847	1824	2341	1466	3716	3714	3331	811	3714	3586	2532	92	1617	1648	3144	2920	844	3161	3861	1032	3235	1623	2740	1261	3132	1341	3979	2744	3361	3274	1391	1613	3113	2351	3896	2479	2058	2220	3562	994	870	2671	1556	3190	1788	2683	2425	1125	2669	912	2942	9	2712	1084	157	3991	1473	209	617	1401	3768
241	1544	1671	394	2377	56	381	2603	3514	664	3478	1628	1023	799	1195	651	708	2302	1848	1841	2965	1448	408	2875	1575	2719	3255	625	180	2151	917	1026	1457	1232	3422	1016	2060	3310	128	1277	21	2233	2146	1924	2765	3990	2200	2883	576	2158	1697	2884	3050	2914	734	1425	551	3055	220	1191	3477	476	241	3105	956	1797	1009	3481	3584	2319	1700	1478	10	2353	2728	695	2432	201	2805	291	19	634	2621	1604	620	2650	1027	2817	594	3770
530	1772	1711	309	2936	3182	3267	1905	2265	646	1385	3898	1333	160	2088	96	2084	2877	3436	1835	786	1977	2171	68	2326	3766	2419	881	1102	2295	801	861	121	3392	3084	3176	700	582	596	871	3455	2548	1330	1146	944	2169	2485	3388	2169	1838	2154	3217	135	353	2437	510	1638	3948	3296	2503	3718	1623	1260	914	2527	3496	1913	70	2451	414	1721	2616	1049	3638	1655	590	1984	3482	3558	1439	1856	403	3973	1657	1451	371	488	3672	3012	2660
3510	2741	2553	1649	2996	2419	468	1384	2489	1704	2564	1178	2868	3322	3937	1015	3746	2329	649	2945	584	3693	1630	3374	1990	3922	1385	1462	2929	2314	3301	700	3766	1075	1209	1594	2800	1784	1303	228	302	1540	3269	3632	3320	1224	1763	576	1031	3546	1985	55	3478	987	31	1522	1505	3191	296	638	1379	3618	1247	3203	778	1285	3870	3159	3866	2785	3418	197	3065	2272	2704	3566	1008	3897	1516	1794	3050	3145	2280	2304	2651	655	3186	3537	3807	2370
977	411	1445	1004	1931	1793	1711	2926	707	2710	174	1174	1914	3863	3782	3525	904	195	695	3040	2960	1858	3745	3557	1592	3600	3177	3400	1121	67	3188	2183	2474	3085	3881	3992	2740	2382	3964	803	412	3746	2386	1392	2681	2242	3236	3295	2504	2483	1924	979	456	2581	1549	1434	2593	2880	1620	2875	2447	3913	1273	2748	994	3007	3529	1691	1988	1384	2786	1632	3411	509	1470	1698	3280	2512	3469	3670	552	1387	2066	2787	3753	798	2163	2443	2465	1631
748	3425	1079	3196	3405	1244	479	3624	2765	2572	52	1325	1826	1812	3925	2165	80	3463	1568	2648	2960	2093	578	32	1592	3849	3311	425	386	1614	1619	2238	40	3740	2829	1235	1930	490	2491	3625	3517	1505	3098	577	3509	2341	104	1192	1363	3313	1868	713	2176	439	1687	2562	3226	2881	2736	1642	3310	3250	3643	1191	1496	644	3550	91	1042	746	3965	2813	2312	2448	1353	3248	2673	1227	1149	465	3465	1711	2618	390	2024	1594	2061	801	2434	805
307	2793	2661	3976	895	1029	2330	2022	1741	2267	2345	937	2706	2440	3559	1190	1418	1916	460	939	121	2690	1946	1729	1137	1544	428	686	3631	460	2865	3828	2703	2073	243	737	1278	3321	426	880	1557	3535	936	2007	2989	2284	3640	1291	1139	2367	3711	1419	1418	1217	518	604	2281	196	1291	699	659	3654	144	2162	2635	3378	1736	3092	2673	844	677	1925	3129	231	987	2820	43	1889	2512	270	2053	2874	3154	247	2272	1259	750	3155	2563	3631
3319	2055	3797	3840	1176	3637	2267	1531	3213	1475	2390	2003	1916	2371	2763	2207	211	940	2220	2277	2899	121	340	3751	18	3979	1688	246	3897	1991	1792	708	2317	1303	3671	2927	3778	2688	3440	1680	870	3283	1522	1898	2855	1342	1470	2328	307	248	2490	2434	3416	3625	3057	434	253	1439	3476	3270	2453	3623	8	1588	1730	1197	973	2297	1266	1393	2982	775	3040	2427	3343	1985	524	2262	3467	2370	274	2817	2468	3201	2989	247	1157	693	640	446
273	361	3066	190	580	3338	2352	525	342	1663	3475	655	312	488	1163	26	2760	1906	2721	1485	3304	888	906	2656	2186	1873	3144	522	2764	2496	791	3597	1772	3790	1512	3329	3737	1057	1502	1159	1423	3808	1175	1780	48	239	3041	3115	1800	3077	1763	958	578	1041	2427	3829	1835	851	1229	2740	3083	1406	1680	3032	3259	1431	3486	2424	2275	1568	2746	1726	161	3314	3679	1989	3116	237	2176	859	2572	2299	3296	1242	1426	1055	3441	3165	1611	3149
1274	1164	362	1852	2008	1620	1285	2866	1154	1190	259	3697	268	3281	1674	180	1331	3242	544	591	3004	3111	3981	1486	1755	283	3701	3810	3058	1852	699	3503	304	2652	3840	1027	1343	1623	415	2747	901	1187	1804	1123	2406	1982	1402	2520	2855	2477	1245	2614	2890	2926	1415	528	2925	2442	1820	2030	2366	3400	2238	405	219	3017	3230	2528	1834	3606	63	934	2540	1871	1029	3026	3841	1723	1522	1356	1125	3998	1511	1516	1340	3957	3690	1644	3173	1437
735	2054	1620	3692	2524	1743	1148	823	2738	3641	1213	2002	704	2206	3391	1804	425	1437	2976	2126	747	705	330	1932	3158	1435	1257	2920	3417	1621	761	918	1269	2126	2492	1926	2632	1508	1286	2762	3246	1233	1210	1488	583	1391	1729	1899	3632	1046	3532	1472	1342	1988	991	3094	2042	1468	98	417	147	3462	2976	184	2110	3059	2898	1299	3368	3533	2775	3859	668	2868	940	1961	3925	2911	1081	2833	3264	2162	75	3230	3676	2307	3754	2291	1988	2974
105	180	3823	337	919	176	2972	3111	2958	2248	1565	2510	3536	3992	3631	3362	3141	3273	2633	3787	2172	2751	3610	2353	1844	3760	2650	59	2012	1839	841	1168	2034	3418	3411	183	310	2144	1438	2624	194	3189	1953	3159	1054	2449	2869	1848	1720	1082	142	1564	831	3938	3850	3971	757	521	1757	3149	2907	891	3244	2230	3957	1784	1316	1645	3816	2731	3371	2723	3704	625	1323	76	3824	2318	1519	1964	3208	2417	658	1875	3453	901	710	2529	2727	3435
3013	3370	1332	1413	3765	551	1543	1333	801	2094	2556	3887	4000	143	2843	2343	3690	2787	2416	795	3412	2895	1058	2551	1721	1137	2707	1210	1263	1504	548	1279	3881	702	945	223	797	268	1658	2173	99	1368	1096	775	2057	675	3152	309	1674	2146	408	3882	3125	2658	3444	3353	2285	2843	212	165	1392	1080	3604	3708	213	907	2560	1932	3644	2382	2544	1399	1014	786	2724	432	2917	2645	980	2347	3402	1221	64	1000	990	166	2917	1328	1690	3115
2247	2911	1022	1468	934	1523	1129	291	2197	1032	539	2350	2469	1601	563	2955	261	1402	2971	3473	805	1225	2048	1939	3417	3714	1058	2989	1467	892	2466	3600	2880	3958	2284	1725	1682	3560	2701	2721	1	3175	3325	2198	547	3599	2110	788	3227	2809	843	2764	2147	1405	800	295	3718	3553	3618	2943	3080	328	3065	2239	1423	1082	2927	1632	323	3975	277	877	688	1349	677	3042	1044	2223	2467	2921	2959	1983	2679	43	3532	3425	111	603	2675	3507
3949	1984	3957	3112	3734	769	2529	3983	3907	1549	3167	3649	1157	1627	2532	1437	1479	2963	478	1550	673	3563	2046	1301	1651	40	814	2770	796	2809	3864	500	2613	1976	1699	3948	37	1557	2895	2183	2012	859	910	553	1899	335	1766	535	2167	2581	2551	594	1245	912	3938	598	970	2671	1305	1131	629	3262	2648	3171	2137	2843	237	1320	3342	2446	3507	176	1092	2317	2641	2462	109	2253	3637	538	849	1351	681	1579	717	554	1426	2412	1933	3167
1970	2160	1029	2355	1977	3981	178	3287	3827	2576	1321	2651	943	372	2108	1793	2009	1826	1509	3454	3810	2323	3216	708	336	638	635	3611	3717	2607	2090	3809	2452	628	2025	3272	1365	3923	1692	673	1946	1723	3747	2003	749	1682	775	2382	3242	2735	3498	492	2012	3150	1786	326	3751	2285	2348	127	2791	552	308	1377	679	1673	3533	1803	307	2414	3696	2581	462	1560	3830	1893	498	173	2710	2835	1238	2821	2442	2737	2684	1831	2299	2025	1668	3184
695	619	1557	352	2979	356	317	724	2373	3024	1857	672	673	2367	786	1552	949	2199	1027	2580	2057	3350	1383	2890	598	2420	1757	1280	3678	194	846	735	3717	122	2388	3161	1726	325	849	1542	1716	2805	1503	1929	596	3717	2695	3442	2641	296	1385	855	2899	854	1948	3320	2454	541	2961	341	1524	1052	584	3682	2215	320	2156	783	2886	297	3974	2669	1630	1052	3603	3210	3300	913	408	3389	2264	3	3536	926	2788	3650	3245	91	2667	2213
1886	1596	781	3643	1818	407	1766	3324	3599	850	650	219	614	609	315	2652	1114	12	1036	2482	3659	3151	1970	413	774	570	3792	2055	123	368	405	1167	1371	2875	2769	3432	3111	291	1784	3532	3847	3042	548	1395	1659	769	863	2238	1586	591	1706	2614	2426	1667	475	532	252	1899	1672	1398	1173	2198	1519	3429	2177	2062	3733	2242	2631	2068	1589	2878	3992	3196	1036	3815	3366	3791	600	87	3004	674	2486	148	1425	2147	2455	1052	3706	3331
815	3740	3181	1759	1100	3434	2763	2209	1193	3058	2496	3376	3798	3070	3662	1071	2120	543	3750	2161	2193	1497	3721	3728	2601	185	1497	184	1656	2530	3001	2359	3801	1745	179	2981	1419	1828	2729	1434	539	433	1635	3345	1001	2784	213	1020	648	1478	1804	640	1914	1512	1411	410	2143	3492	3006	3650	2145	3547	249	1965	649	3565	1730	1346	3365	406	853	1424	3388	1101	96	1621	674	3629	1167	896	2203	70	3156	316	174	571	1438	1962	1697	2493
2155	180	1005	2816	2418	973	228	3772	1913	3982	1887	1634	2929	317	902	1944	928	2318	2149	3483	3747	2532	1760	833	2154	2506	2741	3365	2087	1750	2518	1945	2857	3909	2688	3216	1549	2942	3070	2444	271	3973	2995	3780	685	885	3160	3113	503	1122	676	3045	3957	2923	3202	481	1254	487	1326	2268	1873	2534	1196	2904	3212	787	1358	3057	2518	101	1097	1697	754	47	2493	151	3613	280	3006	85	2271	1329	2279	3299	2442	3973	1140	3319	1016	3217
2006	3164	520	576	3854	1513	1343	3838	2821	3660	1059	921	2343	3501	2749	98	1567	741	3174	1191	2921	2070	1975	1294	3386	454	3053	2261	3197	2299	603	712	3301	850	32	614	1426	1859	2534	291	577	1775	2753	2449	1191	2909	1223	1192	171	3259	1217	198	2464	188	585	1081	2387	2207	1389	3700	2969	838	3747	1330	2794	1798	1249	3801	2013	1828	3090	3773	2879	1170	3732	3880	1749	2158	2909	1343	486	2295	201	393	237	1337	590	598	3566	1638
3824	3569	800	2853	1162	3690	3000	705	1747	2123	2416	2351	1188	3799	3574	975	3361	3240	3936	1636	3505	1676	858	1541	75	3006	1411	3067	1653	2912	325	795	2093	2477	213	2242	3293	589	1307	1490	314	154	3684	920	1179	1646	1331	3580	2572	3761	168	177	3185	3604	3815	751	410	3294	3968	2554	538	293	716	2216	3801	1299	603	3411	2642	1177	399	817	2664	1131	3735	3288	3144	3006	3953	310	2219	1069	3420	3695	2977	1071	3013	2993	1774	1681
1203	2519	1961	2645	776	1898	1295	2699	1722	2162	594	2161	3225	3533	1611	1487	2621	164	2552	2003	913	739	3729	2778	1558	2307	3797	2072	1087	1412	2557	3681	1738	2175	3650	3746	2488	859	3571	542	780	1807	1923	1345	1757	825	2397	3431	1127	2588	2340	3052	1146	2100	1885	3552	1900	1639	2201	3431	1137	381	3746	1369	3052	3286	3981	55	2844	554	2758	707	2135	56	2556	2895	3993	1331	352	2828	3783	779	3168	1263	1890	1923	1943	3124	1071	2592
529	2004	1865	3210	3232	2930	1080	430	1020	3699	3673	3293	2060	617	2553	3541	3475	2128	53	1722	2722	1157	839	1315	1496	3724	3888	1929	3803	3195	3076	259	221	165	550	2995	2041	260	3654	1078	2803	2313	738	2672	1990	1072	355	2857	3566	565	34	1710	851	3948	1704	3536	1317	53	1470	1412	2881	3747	1538	2988	2652	634	3613	2259	3899	725	3532	1442	2426	1684	495	3334	1055	581	1505	1667	1362	3550	2762	3404	1205	2306	1175	993	3873	3097
2451	1643	933	14	940	3334	3726	3253	960	2366	2240	643	2012	988	777	105	563	528	523	1639	2454	3986	16	1006	2489	3128	147	1978	3028	2378	3993	536	2128	3485	1287	1608	3834	2514	1869	3811	1676	1129	815	661	382	755	134	3558	2666	191	691	2242	1727	2046	3151	3218	3671	1826	1032	3496	808	561	1536	3559	2097	1839	3914	2727	1271	2671	2955	2806	2144	875	267	3891	149	503	555	3840	2333	1868	367	1412	3886	2672	220	170	3782	2516
1483	3569	1038	3826	332	3707	2400	3409	2064	3766	188	206	1063	1917	3230	704	743	92	2787	3355	2696	3260	1638	1828	3429	2891	3786	857	524	29	2866	466	2036	756	1160	1553	3103	2505	2400	713	1639	760	3831	860	109	2499	511	3579	529	3059	2249	3415	1038	3177	153	1279	1950	3757	3838	3118	690	1245	1043	471	2948	438	2207	3710	792	3058	2578	2195	148	1866	3446	1469	321	433	2685	900	304	1199	128	1802	3030	3530	2231	2078	2161	1992
3322	1500	628	712	38	3425	170	3795	725	802	2300	556	971	3780	3866	3479	743	2296	714	3352	3149	942	2310	3859	1629	3343	1464	2756	3691	208	2683	2352	3581	686	2458	2452	2035	3523	2604	2127	2841	3629	1730	2546	334	2445	1467	3913	2016	628	2231	1181	3072	1955	2133	68	307	801	1485	2733	3068	3904	3548	29	2063	469	3443	997	3905	1080	1353	2016	3827	60	989	2124	3174	2568	919	3289	3747	639	211	1703	1783	1685	3461	1549	3982	3952
2426	2209	1135	1931	866	277	2093	1861	2392	2098	1014	1034	2746	964	3962	3374	17	1061	1079	2375	445	1208	378	3670	1007	47	1894	1020	3941	1393	2479	3773	2041	2321	1323	2035	691	1274	2844	3938	3152	2867	2401	3216	3769	2904	1258	1481	2769	109	3253	1821	2817	349	1182	1431	3749	2456	1295	2941	962	2735	919	3972	12	1578	31	3475	601	1477	146	3941	3182	3756	2669	182	73	1014	886	2526	858	3840	3855	3024	151	3092	2084	592	213	2073
2751	2553	2137	891	2912	3040	3064	2642	521	546	3024	352	2724	3600	1816	640	1020	1106	3691	1387	3059	1872	530	2596	909	1297	109	2853	2940	326	104	1763	520	2411	695	2715	2735	580	2869	41	929	2201	2586	1936	419	2012	3997	3376	2931	1708	2103	2531	3894	3252	671	2630	2324	2951	2107	3580	1188	1218	511	43	2762	2606	2495	3410	1376	663	1775	636	1682	3952	1050	2976	98	436	3951	1441	3103	2995	1059	3144	198	3784	690	178	836	2915
754	827	394	3760	1185	16	1754	1118	3976	1995	2543	2645	2535	1550	2543	3724	3315	1605	1317	3884	3573	3622	3636	2088	405	3397	2862	3812	3915	1888	2054	2267	3193	228	2077	1624	2372	3151	744	2763	3700	140	3969	2975	851	2319	1217	3803	2802	2896	3022	3739	3741	3042	876	632	2935	1861	1260	3856	727	1840	2817	1954	3711	3120	2612	3798	2909	3879	94	2863	3318	1411	1484	68	2035	3291	2194	723	3261	3156	2206	3695	2088	1965	2888	3294	3831	3770
1654	3563	1345	3059	3661	667	437	16	985	3217	1364	2157	3987	3891	3780	1979	1896	3090	3226	218	2296	3749	98	1004	520	1073	3897	3382	739	357	1153	675	313	3685	2405	2668	1188	2118	2834	2145	511	656	2062	59	2925	1371	2626	2470	3365	2439	422	1141	3147	3934	2725	793	836	2145	2639	82	3025	3118	3045	609	14	474	1256	598	1955	994	269	1327	1040	2235	1318	2696	905	3768	2257	2859	1616	3033	1469	1367	466	504	74	1951	451	2788
2772	274	1305	3529	3506	2571	3505	1984	755	2328	2851	1268	1932	379	772	1140	3449	849	2185	47	1186	1358	965	67	1652	748	484	2402	1385	3700	2941	191	292	1319	3105	2318	3118	3714	1792	1283	1904	3072	2729	1666	1464	3046	1623	3895	738	1781	1449	1328	2324	3503	2879	3012	3662	639	1299	3915	3812	286	920	3450	1131	1031	526	2249	567	1861	3504	2157	1101	2756	1981	2072	3261	3459	561	2035	810	3262	3172	917	2334	908	127	231	3243	1261
1326	2240	497	2357	3082	1608	2727	3111	2469	3099	2200	1200	3503	1057	3781	2810	621	402	3149	3543	2114	506	3619	3914	3789	2117	3844	3631	193	3412	848	2291	561	588	2641	548	2787	1878	1912	3574	3243	3295	3153	2068	1198	1091	3839	669	3085	616	3009	108	814	2338	826	751	1822	130	1934	3658	3266	3320	3884	3997	488	3652	274	109	869	593	721	3127	692	2307	3215	90	959	1282	2696	2893	2961	638	3344	3135	3800	1361	728	1955	3395	3452
2979	143	3829	1039	952	2976	2210	138	3352	121	2048	3894	2014	584	473	1027	338	2897	733	1450	3185	2708	371	3021	1074	1903	307	2587	3715	961	3957	2836	2908	2758	1253	3012	3172	2501	1169	1060	1561	3778	3523	3970	850	711	3278	3983	2169	2719	2442	3396	1706	2050	3327	2211	939	302	782	418	1835	1270	3242	3975	2962	1432	3776	2845	690	1457	3397	3271	1869	341	278	2265	1864	3659	3028	2217	1795	3784	1648	3231	3784	473	3596	1111	3858	3843
2030	3272	3128	2834	1832	761	2321	2512	935	1705	64	1627	3119	1850	309	2942	2939	2086	2535	1265	1467	113	2768	974	1337	1841	3929	2593	1213	3529	2380	2658	331	1304	54	2149	3393	1732	1967	3524	1997	3691	2686	517	1123	2631	318	2107	1586	1707	2472	2344	2054	1784	2532	601	3009	593	3532	1000	909	2980	3566	205	104	1852	3703	1566	3426	2470	609	3790	1926	3478	2514	870	1513	3936	1882	2826	3616	1778	1865	894	2367	177	3664	3354	1428	1616
3818	3953	2270	91	1951	3346	958	198	2117	1217	3852	3326	1219	244	3205	769	3286	1058	2241	2424	885	1208	3887	917	2495	529	1269	1180	1742	691	2625	1081	3644	2205	3460	378	1061	3471	46	1178	2667	2825	212	1233	2998	240	88	515	1750	1442	1527	1000	3100	1969	340	1526	2909	1978	3335	3032	3773	2191	3478	1093	1703	762	2692	757	939	3205	2217	3362	1283	2487	1952	980	1204	278	3183	501	1232	1328	554	1488	281	82	1415	22	2565	2591
2536	2297	3553	1980	4	521	1366	1584	134	1733	2556	548	2339	3833	2897	2480	1980	291	1452	190	2155	1681	2313	1577	2125	1003	2915	2460	970	1081	1161	1474	2793	3380	2536	2244	2194	2670	3071	3286	3110	103	3770	3922	2766	3784	3454	1311	1767	1401	1175	2055	350	1258	3461	3720	3532	1304	444	152	1134	982	793	1858	3542	3175	1324	981	1413	3844	3962	1434	3555	1978	3906	1585	2556	2021	1171	1766	3786	799	2880	3245	429	705	2623	1313	1080	1027
3747	798	3610	1660	1690	2993	2740	982	1720	1286	260	2974	3093	1761	1136	2332	3846	3493	3611	2598	158	2763	2534	595	2215	1033	1797	2234	1874	3027	313	3720	3730	1147	3146	2643	1565	146	237	2327	3165	2072	416	3907	2371	2127	1315	355	1918	2476	3822	2994	2870	2990	2755	3954	2188	3774	1860	2935	2450	144	3216	641	2468	2387	3391	3762	2040	412	1570	600	3972	3936	1411	2798	1732	3572	1831	862	1999	359	2149	2226	998	479	1036	1897	734	504
131	504	3576	3	1605	884	3176	224	1339	3386	3886	29	1278	50	292	954	2558	2434	179	3175	1795	218	1087	849	1698	2753	1958	2465	1570	222	1921	3906	2201	1316	325	2191	2012	2537	3830	2268	1501	2173	3927	2582	1941	2937	2397	2505	3290	1055	546	1887	406	2310	1954	1075	3044	742	3411	1982	3702	3969	2650	3023	1545	1646	1400	134	380	1845	194	3583	1522	2223	2852	2454	3890	2504	3862	534	2581	2629	1113	1324	1891	3360	66	2962	2598	2502
3417	2860	684	2695	2859	3206	3119	1287	191	3994	1167	2223	302	525	2680	2218	3779	2053	2366	3886	3010	1444	1739	452	330	3928	2981	1858	2208	1044	2635	2863	840	314	1004	3799	3568	1528	1079	3997	3916	2890	2305	1527	632	3863	2242	2083	139	3163	857	2382	1284	90	3688	1567	3226	734	3633	3651	1464	2334	1066	804	699	2843	3297	1957	3918	1965	2103	2598	3405	393	1752	519	3307	1612	3085	1945	829	598	3004	119	2480	1704	3883	849	426	1382
1885	890	945	241	2486	1534	3758	2041	17	854	769	3454	219	3292	686	810	2866	2122	105	3879	3623	1263	24	3198	3806	1078	268	2121	3115	1389	3746	3252	1613	772	3345	1156	8	1199	2418	3054	1503	3320	2048	1180	652	1408	1408	678	2362	1027	1541	672	831	3863	2062	856	803	310	850	3550	2154	2528	1099	1008	1101	691	3383	1785	470	1121	2058	3535	3601	1979	3545	3174	1537	2239	2414	2073	228	2684	784	930	1690	3888	3578	3815	1217	1106
1552	355	3027	3576	1467	74	1729	2160	1497	437	663	2133	2426	2446	665	2315	639	3406	2936	3163	2894	989	3815	3157	3089	834	432	3027	3805	2521	2320	784	135	539	748	1423	2245	3556	1608	1095	2221	2329	2554	636	2529	2169	3350	2753	3250	110	1481	3986	3342	1722	1595	1211	3550	3216	2184	2814	2295	1908	828	84	915	1091	835	1470	3560	3336	1598	3185	1293	3375	2030	1356	855	1256	2998	3434	3253	3624	3184	2956	2315	3719	3190	1427	1773	786
3511	299	2157	1884	2774	1545	2953	1709	556	2255	1172	2793	1	30	2121	643	456	2768	2939	3711	3789	3191	3890	3654	2446	1121	470	716	3453	2217	3922	2724	1141	1117	2841	2080	3776	2715	1451	3000	3656	3412	3995	463	168	3341	2702	1993	2085	3480	1314	3391	2494	3653	3846	3518	54	3317	2066	937	1717	2622	1065	2329	3722	436	3057	769	3361	2549	3660	3285	3092	3252	3370	1713	1218	2775	2858	1999	1951	3551	1982	1550	2243	3881	1306	1550	3237	2970
3291	1855	2752	1219	1412	3822	3984	1095	1451	1033	2966	547	3884	822	969	770	3695	352	1709	216	2399	3290	1526	3537	3265	117	2049	1154	3385	2520	3486	3178	2131	2916	1390	1342	643	3321	3878	1146	1942	3711	2141	2306	1365	3638	1395	3729	2415	3792	3992	1718	1033	343	2474	62	651	511	3809	3634	415	1421	2668	2380	3172	1444	100	1973	1409	3760	2927	1561	1908	1857	3800	2625	1923	1847	2140	870	1234	145	3850	3483	3215	3897	1983	2920	2895	3428
192	3315	1470	921	1402	2751	362	497	2191	1831	51	1064	3400	1907	3081	555	926	221	2835	3254	2149	3921	2839	527	3850	2242	1715	2040	2355	1411	754	1785	1764	3370	3482	3670	364	2732	3193	316	376	1543	28	3531	548	1994	3095	2867	1865	2832	1563	512	70	2193	493	2501	1548	1752	3269	3618	2676	1086	202	3826	1697	369	514	2476	1217	2085	3017	680	2665	3221	2116	1219	435	748	2520	1305	2982	2540	313	571	912	1729	1620	784	2037	513
2852	1250	865	2466	3626	600	602	3853	738	1422	1743	2976	3360	3474	1812	3146	1708	3293	1774	382	487	502	3641	3056	2003	1591	246	2518	869	1695	2257	2438	2039	2551	1596	841	3671	2560	897	1860	651	3787	1775	1929	1682	2751	1663	3005	2903	1780	3007	3580	2964	727	5	1571	2793	1535	2335	129	2831	749	2084	2200	62	1642	2817	1124	387	2428	2256	70	940	2335	1901	2321	2506	3729	2593	1911	2075	1083	3394	3000	163	794	3887	1543	1070	1474